-0.000000 -10.790000 1.864985
9.344140 5.395000 1.864985


9.344140 5.395000 1.864985
-9.344140 5.395000 1.864985


-9.344140 5.395000 1.864985
-0.000000 -10.790000 1.864985


0.000000 -10.790000 1.865000
-9.344140 5.395000 1.865000


-9.344140 5.395000 1.865000
9.344140 5.395000 1.865000


9.344140 5.395000 1.865000
0.000000 -10.790000 1.865000


-0.000000 10.790000 1.865000
9.344140 -5.395000 1.865000


9.344140 -5.395000 1.865000
-9.344140 -5.395000 1.865000


-9.344140 -5.395000 1.865000
-0.000000 10.790000 1.865000


0.000000 10.790000 1.865000
-9.344140 -5.395000 1.865000


-9.344140 -5.395000 1.865000
9.344140 -5.395000 1.865000


9.344140 -5.395000 1.865000
0.000000 10.790000 1.865000


-0.000000 -10.790000 -2.180000
9.344140 5.395000 -2.180000


9.344140 5.395000 -2.180000
-9.344140 5.395000 -2.180000


-9.344140 5.395000 -2.180000
-0.000000 -10.790000 -2.180000


0.000000 -10.790000 -2.180000
-9.344140 5.395000 -2.180000


-9.344140 5.395000 -2.180000
9.344140 5.395000 -2.180000


9.344140 5.395000 -2.180000
0.000000 -10.790000 -2.180000


-0.000000 10.790000 -2.180000
9.344140 -5.395000 -2.180000


9.344140 -5.395000 -2.180000
-9.344140 -5.395000 -2.180000


-9.344140 -5.395000 -2.180000
-0.000000 10.790000 -2.180000


0.000000 10.790000 -2.180000
-9.344140 -5.395000 -2.180000


-9.344140 -5.395000 -2.180000
9.344140 -5.395000 -2.180000


9.344140 -5.395000 -2.180000
0.000000 10.790000 -2.180000


0.000000 -10.790000 1.865000
-9.344140 5.395000 1.865000


-9.344140 5.395000 1.865000
9.344140 5.395000 1.865000


9.344140 5.395000 1.865000
0.000000 -10.790000 1.865000


-0.000000 10.790000 1.865000
9.344140 -5.395000 1.865000


9.344140 -5.395000 1.865000
-9.344140 -5.395000 1.865000


-9.344140 -5.395000 1.865000
-0.000000 10.790000 1.865000


0.000000 10.790000 1.865000
-9.344140 -5.395000 1.865000


-9.344140 -5.395000 1.865000
9.344140 -5.395000 1.865000


9.344140 -5.395000 1.865000
0.000000 10.790000 1.865000


-0.000000 -10.790000 5.910000
9.344140 5.395000 5.910000


9.344140 5.395000 5.910000
-9.344140 5.395000 5.910000


-9.344140 5.395000 5.910000
-0.000000 -10.790000 5.910000


0.000000 -10.790000 5.910000
-9.344140 5.395000 5.910000


-9.344140 5.395000 5.910000
9.344140 5.395000 5.910000


9.344140 5.395000 5.910000
0.000000 -10.790000 5.910000


-0.000000 10.790000 5.910000
9.344140 -5.395000 5.910000


9.344140 -5.395000 5.910000
-9.344140 -5.395000 5.910000


-9.344140 -5.395000 5.910000
-0.000000 10.790000 5.910000


0.000000 10.790000 5.910000
-9.344140 -5.395000 5.910000


-9.344140 -5.395000 5.910000
9.344140 -5.395000 5.910000


9.344140 -5.395000 5.910000
0.000000 10.790000 5.910000


0.000000 -10.790000 1.865000
-0.000000 5.395000 11.209140


-0.000000 5.395000 11.209140
0.000000 5.395000 -7.479140


0.000000 5.395000 -7.479140
0.000000 -10.790000 1.865000


-0.000000 0.000000 12.655000
9.344140 0.000000 -3.530000


9.344140 0.000000 -3.530000
-9.344140 -0.000000 -3.530000


-9.344140 -0.000000 -3.530000
-0.000000 0.000000 12.655000


0.000000 0.000000 12.655000
-0.000000 9.344140 -3.530000


-0.000000 9.344140 -3.530000
0.000000 -9.344140 -3.530000


0.000000 -9.344140 -3.530000
0.000000 0.000000 12.655000


-0.000000 -10.790000 -0.157500
9.344140 5.395000 -0.157500


9.344140 5.395000 -0.157500
-9.344140 5.395000 -0.157500


-9.344140 5.395000 -0.157500
-0.000000 -10.790000 -0.157500


0.000000 -10.790000 -0.157500
-0.000000 5.395000 9.186640


-0.000000 5.395000 9.186640
0.000000 5.395000 -9.501640


0.000000 5.395000 -9.501640
0.000000 -10.790000 -0.157500


-0.000000 0.000000 10.632500
9.344140 0.000000 -5.552500


9.344140 0.000000 -5.552500
-9.344140 -0.000000 -5.552500


-9.344140 -0.000000 -5.552500
-0.000000 0.000000 10.632500


0.000000 0.000000 10.632500
-0.000000 9.344140 -5.552500


-0.000000 9.344140 -5.552500
0.000000 -9.344140 -5.552500


0.000000 -9.344140 -5.552500
0.000000 0.000000 10.632500


0.000000 -10.790000 1.865000
0.000000 5.395000 -7.479140


0.000000 5.395000 -7.479140
-0.000000 5.395000 11.209140


-0.000000 5.395000 11.209140
0.000000 -10.790000 1.865000


-0.000000 -0.000000 -8.925000
9.344140 -0.000000 7.260000


9.344140 -0.000000 7.260000
-9.344140 0.000000 7.260000


-9.344140 0.000000 7.260000
-0.000000 -0.000000 -8.925000


0.000000 -0.000000 -8.925000
0.000000 9.344140 7.260000


0.000000 9.344140 7.260000
-0.000000 -9.344140 7.260000


-0.000000 -9.344140 7.260000
0.000000 -0.000000 -8.925000


-0.000000 -10.790000 3.887500
9.344140 5.395000 3.887500


9.344140 5.395000 3.887500
-9.344140 5.395000 3.887500


-9.344140 5.395000 3.887500
-0.000000 -10.790000 3.887500


0.000000 -10.790000 3.887500
0.000000 5.395000 -5.456640


0.000000 5.395000 -5.456640
-0.000000 5.395000 13.231640


-0.000000 5.395000 13.231640
0.000000 -10.790000 3.887500


-0.000000 -0.000000 -6.902500
9.344140 -0.000000 9.282500


9.344140 -0.000000 9.282500
-9.344140 0.000000 9.282500


-9.344140 0.000000 9.282500
-0.000000 -0.000000 -6.902500


0.000000 -0.000000 -6.902500
0.000000 9.344140 9.282500


0.000000 9.344140 9.282500
-0.000000 -9.344140 9.282500


-0.000000 -9.344140 9.282500
0.000000 -0.000000 -6.902500


-0.000000 -10.790000 1.865000
6.607305 5.395000 8.472305


6.607305 5.395000 8.472305
-6.607305 5.395000 -4.742305


-6.607305 5.395000 -4.742305
-0.000000 -10.790000 1.865000


-0.000000 -7.629682 9.494682
9.344140 3.814841 -1.949841


9.344140 3.814841 -1.949841
-9.344140 3.814841 -1.949841


-9.344140 3.814841 -1.949841
-0.000000 -7.629682 9.494682


-0.000000 -7.629682 9.494682
6.607305 8.486911 2.722229


6.607305 8.486911 2.722229
-6.607305 -0.857229 -6.621911


-6.607305 -0.857229 -6.621911
-0.000000 -7.629682 9.494682


-0.000000 -10.790000 0.853750
9.344140 5.395000 0.853750


9.344140 5.395000 0.853750
-9.344140 5.395000 0.853750


-9.344140 5.395000 0.853750
-0.000000 -10.790000 0.853750


-0.000000 -10.790000 0.853750
6.607305 5.395000 7.461055


6.607305 5.395000 7.461055
-6.607305 5.395000 -5.753555


-6.607305 5.395000 -5.753555
-0.000000 -10.790000 0.853750


-0.000000 -7.629682 8.483432
9.344140 3.814841 -2.961091


9.344140 3.814841 -2.961091
-9.344140 3.814841 -2.961091


-9.344140 3.814841 -2.961091
-0.000000 -7.629682 8.483432


-0.000000 -7.629682 8.483432
6.607305 8.486911 1.710979


6.607305 8.486911 1.710979
-6.607305 -0.857229 -7.633161


-6.607305 -0.857229 -7.633161
-0.000000 -7.629682 8.483432


0.000000 -10.790000 1.865000
6.607305 5.395000 -4.742305


6.607305 5.395000 -4.742305
-6.607305 5.395000 8.472305


-6.607305 5.395000 8.472305
0.000000 -10.790000 1.865000


-0.000000 -7.629682 -5.764682
9.344140 3.814841 5.679841


9.344140 3.814841 5.679841
-9.344140 3.814841 5.679841


-9.344140 3.814841 5.679841
-0.000000 -7.629682 -5.764682


0.000000 -7.629682 -5.764682
6.607305 8.486911 1.007771


6.607305 8.486911 1.007771
-6.607305 -0.857229 10.351911


-6.607305 -0.857229 10.351911
0.000000 -7.629682 -5.764682


-0.000000 -10.790000 2.876250
9.344140 5.395000 2.876250


9.344140 5.395000 2.876250
-9.344140 5.395000 2.876250


-9.344140 5.395000 2.876250
-0.000000 -10.790000 2.876250


0.000000 -10.790000 2.876250
6.607305 5.395000 -3.731055


6.607305 5.395000 -3.731055
-6.607305 5.395000 9.483555


-6.607305 5.395000 9.483555
0.000000 -10.790000 2.876250


-0.000000 -7.629682 -4.753432
9.344140 3.814841 6.691091


9.344140 3.814841 6.691091
-9.344140 3.814841 6.691091


-9.344140 3.814841 6.691091
-0.000000 -7.629682 -4.753432


0.000000 -7.629682 -4.753432
6.607305 8.486911 2.019021


6.607305 8.486911 2.019021
-6.607305 -0.857229 11.363161


-6.607305 -0.857229 11.363161
0.000000 -7.629682 -4.753432


-0.000000 -10.790000 1.865000
8.632860 5.395000 5.440848


8.632860 5.395000 5.440848
-8.632860 5.395000 -1.710848


-8.632860 5.395000 -1.710848
-0.000000 -10.790000 1.865000


-0.000000 -9.968660 5.994154
9.344140 4.984330 -0.199577


9.344140 4.984330 -0.199577
-9.344140 4.984330 -0.199577


-9.344140 4.984330 -0.199577
-0.000000 -9.968660 5.994154


-0.000000 -9.968660 5.994154
8.632860 6.352748 3.104075


8.632860 6.352748 3.104075
-8.632860 3.615912 -3.503229


-8.632860 3.615912 -3.503229
-0.000000 -9.968660 5.994154


-0.000000 -10.790000 1.359375
9.344140 5.395000 1.359375


9.344140 5.395000 1.359375
-9.344140 5.395000 1.359375


-9.344140 5.395000 1.359375
-0.000000 -10.790000 1.359375


-0.000000 -10.790000 1.359375
8.632860 5.395000 4.935223


8.632860 5.395000 4.935223
-8.632860 5.395000 -2.216473


-8.632860 5.395000 -2.216473
-0.000000 -10.790000 1.359375


-0.000000 -9.968660 5.488529
9.344140 4.984330 -0.705202


9.344140 4.984330 -0.705202
-9.344140 4.984330 -0.705202


-9.344140 4.984330 -0.705202
-0.000000 -9.968660 5.488529


-0.000000 -9.968660 5.488529
8.632860 6.352748 2.598450


8.632860 6.352748 2.598450
-8.632860 3.615912 -4.008854


-8.632860 3.615912 -4.008854
-0.000000 -9.968660 5.488529


-0.000000 -10.790000 1.359375
9.344140 5.395000 1.359375


9.344140 5.395000 1.359375
-9.344140 5.395000 1.359375


-9.344140 5.395000 1.359375
-0.000000 -10.790000 1.359375


-0.000000 -9.968660 -2.769779
8.632860 3.615912 6.727604


8.632860 3.615912 6.727604
-8.632860 6.352748 0.120300


-8.632860 6.352748 0.120300
-0.000000 -9.968660 -2.769779


-0.000000 -9.968660 -2.769779
9.344140 4.984330 3.423952


9.344140 4.984330 3.423952
-9.344140 4.984330 3.423952


-9.344140 4.984330 3.423952
-0.000000 -9.968660 -2.769779


-0.000000 -10.790000 1.865000
8.632860 5.395000 5.440848


8.632860 5.395000 5.440848
-8.632860 5.395000 -1.710848


-8.632860 5.395000 -1.710848
-0.000000 -10.790000 1.865000


-0.000000 -10.790000 1.865000
9.344140 5.395000 1.865000


9.344140 5.395000 1.865000
-9.344140 5.395000 1.865000


-9.344140 5.395000 1.865000
-0.000000 -10.790000 1.865000


-0.000000 -9.968660 -2.264154
8.632860 3.615912 7.233229


8.632860 3.615912 7.233229
-8.632860 6.352748 0.625925


-8.632860 6.352748 0.625925
-0.000000 -9.968660 -2.264154


-0.000000 -9.968660 -2.264154
9.344140 4.984330 3.929577


9.344140 4.984330 3.929577
-9.344140 4.984330 3.929577


-9.344140 4.984330 3.929577
-0.000000 -9.968660 -2.264154


-0.000000 -10.790000 1.359375
7.769368 5.395000 6.550701


7.769368 5.395000 6.550701
-7.769368 5.395000 -3.831951


-7.769368 5.395000 -3.831951
-0.000000 -10.790000 1.359375


-0.000000 -10.582673 3.464400
8.632860 5.988950 3.814001


8.632860 5.988950 3.814001
-8.632860 4.593723 -3.200276


-8.632860 4.593723 -3.200276
-0.000000 -10.582673 3.464400


-0.000000 -10.582673 3.464400
7.769368 6.304114 5.398439


7.769368 6.304114 5.398439
-7.769368 4.278559 -4.784713


-7.769368 4.278559 -4.784713
-0.000000 -10.582673 3.464400


-0.000000 -10.790000 1.106563
8.632860 5.395000 4.682410


8.632860 5.395000 4.682410
-8.632860 5.395000 -2.469285


-8.632860 5.395000 -2.469285
-0.000000 -10.790000 1.106563


-0.000000 -10.790000 1.106563
7.769368 5.395000 6.297889


7.769368 5.395000 6.297889
-7.769368 5.395000 -4.084764


-7.769368 5.395000 -4.084764
-0.000000 -10.790000 1.106563


-0.000000 -10.582673 3.211587
8.632860 5.988950 3.561189


8.632860 5.988950 3.561189
-8.632860 4.593723 -3.453088


-8.632860 4.593723 -3.453088
-0.000000 -10.582673 3.211587


-0.000000 -10.582673 3.211587
7.769368 6.304114 5.145626


7.769368 6.304114 5.145626
-7.769368 4.278559 -5.037526


-7.769368 4.278559 -5.037526
-0.000000 -10.582673 3.211587


-0.000000 -10.790000 1.106563
9.164595 5.395000 2.929514


9.164595 5.395000 2.929514
-9.164595 5.395000 -0.716389


-9.164595 5.395000 -0.716389
-0.000000 -10.790000 1.106563


-0.000000 -10.582673 -0.998462
8.632860 4.593723 5.666213


8.632860 4.593723 5.666213
-8.632860 5.988950 -1.348064


-8.632860 5.988950 -1.348064
-0.000000 -10.582673 -0.998462


-0.000000 -10.582673 -0.998462
9.164595 4.935696 3.946999


9.164595 4.935696 3.946999
-9.164595 5.646977 0.371151


-9.164595 5.646977 0.371151
-0.000000 -10.582673 -0.998462


-0.000000 -10.790000 1.359375
8.632860 5.395000 4.935223


8.632860 5.395000 4.935223
-8.632860 5.395000 -2.216473


-8.632860 5.395000 -2.216473
-0.000000 -10.790000 1.359375


-0.000000 -10.790000 1.359375
9.164595 5.395000 3.182326


9.164595 5.395000 3.182326
-9.164595 5.395000 -0.463576


-9.164595 5.395000 -0.463576
-0.000000 -10.790000 1.359375


-0.000000 -10.582673 -0.745650
8.632860 4.593723 5.919026


8.632860 4.593723 5.919026
-8.632860 5.988950 -1.095251


-8.632860 5.988950 -1.095251
-0.000000 -10.582673 -0.745650


-0.000000 -10.582673 -0.745650
9.164595 4.935696 4.199811


9.164595 4.935696 4.199811
-9.164595 5.646977 0.623964


-9.164595 5.646977 0.623964
-0.000000 -10.582673 -0.745650


-0.000000 -10.790000 1.106563
8.240796 5.395000 5.511360


8.240796 5.395000 5.511360
-8.240796 5.395000 -3.298235


-8.240796 5.395000 -3.298235
-0.000000 -10.790000 1.106563


-0.000000 -10.738043 2.164167
8.632860 5.719516 4.136389


8.632860 5.719516 4.136389
-8.632860 5.018527 -2.980869


-8.632860 5.018527 -2.980869
-0.000000 -10.738043 2.164167


-0.000000 -10.738043 2.164167
8.240796 5.800767 4.961347


8.240796 5.800767 4.961347
-8.240796 4.937276 -3.805827


-8.240796 4.937276 -3.805827
-0.000000 -10.738043 2.164167


-0.000000 -10.790000 0.980156
8.632860 5.395000 4.556004


8.632860 5.395000 4.556004
-8.632860 5.395000 -2.595691


-8.632860 5.395000 -2.595691
-0.000000 -10.790000 0.980156


-0.000000 -10.790000 0.980156
8.240796 5.395000 5.384953


8.240796 5.395000 5.384953
-8.240796 5.395000 -3.424641


-8.240796 5.395000 -3.424641
-0.000000 -10.790000 0.980156


-0.000000 -10.738043 2.037761
8.632860 5.719516 4.009983


8.632860 5.719516 4.009983
-8.632860 5.018527 -3.107275


-8.632860 5.018527 -3.107275
-0.000000 -10.738043 2.037761


-0.000000 -10.738043 2.037761
8.240796 5.800767 4.834941


8.240796 5.800767 4.834941
-8.240796 4.937276 -3.932233


-8.240796 4.937276 -3.932233
-0.000000 -10.738043 2.037761


-0.000000 -10.790000 0.980156
8.941784 5.395000 3.692617


8.941784 5.395000 3.692617
-8.941784 5.395000 -1.732304


-8.941784 5.395000 -1.732304
-0.000000 -10.790000 0.980156


-0.000000 -10.738043 -0.077449
8.632860 5.018527 5.067588


8.632860 5.018527 5.067588
-8.632860 5.719516 -2.049670


-8.632860 5.719516 -2.049670
-0.000000 -10.738043 -0.077449


-0.000000 -10.738043 -0.077449
8.941784 5.103154 4.208358


8.941784 5.103154 4.208358
-8.941784 5.634889 -1.190441


-8.941784 5.634889 -1.190441
-0.000000 -10.738043 -0.077449


-0.000000 -10.790000 1.106563
8.632860 5.395000 4.682410


8.632860 5.395000 4.682410
-8.632860 5.395000 -2.469285


-8.632860 5.395000 -2.469285
-0.000000 -10.790000 1.106563


-0.000000 -10.790000 1.106563
8.941784 5.395000 3.819023


8.941784 5.395000 3.819023
-8.941784 5.395000 -1.605898


-8.941784 5.395000 -1.605898
-0.000000 -10.790000 1.106563


-0.000000 -10.738043 0.048958
8.632860 5.018527 5.193994


8.632860 5.018527 5.193994
-8.632860 5.719516 -1.923264


-8.632860 5.719516 -1.923264
-0.000000 -10.738043 0.048958


-0.000000 -10.738043 0.048958
8.941784 5.103154 4.334764


8.941784 5.103154 4.334764
-8.941784 5.634889 -1.064034


-8.941784 5.634889 -1.064034
-0.000000 -10.738043 0.048958


-0.000000 -10.790000 0.980156
8.447003 5.395000 4.975291


8.447003 5.395000 4.975291
-8.447003 5.395000 -3.014978


-8.447003 5.395000 -3.014978
-0.000000 -10.790000 0.980156


-0.000000 -10.777003 1.509596
8.632860 5.563960 4.286976


8.632860 5.563960 4.286976
-8.632860 5.213043 -2.856104


-8.632860 5.213043 -2.856104
-0.000000 -10.777003 1.509596


-0.000000 -10.777003 1.509596
8.447003 5.584533 4.705758


8.447003 5.584533 4.705758
-8.447003 5.192470 -3.274886


-8.447003 5.192470 -3.274886
-0.000000 -10.777003 1.509596


-0.000000 -10.790000 0.916953
8.632860 5.395000 4.492801


8.632860 5.395000 4.492801
-8.632860 5.395000 -2.658894


-8.632860 5.395000 -2.658894
-0.000000 -10.790000 0.916953


-0.000000 -10.790000 0.916953
8.447003 5.395000 4.912088


8.447003 5.395000 4.912088
-8.447003 5.395000 -3.078182


-8.447003 5.395000 -3.078182
-0.000000 -10.790000 0.916953


-0.000000 -10.777003 1.446393
8.632860 5.563960 4.223773


8.632860 5.563960 4.223773
-8.632860 5.213043 -2.919307


-8.632860 5.213043 -2.919307
-0.000000 -10.777003 1.446393


-0.000000 -10.777003 1.446393
8.447003 5.584533 4.642555


8.447003 5.584533 4.642555
-8.447003 5.192470 -3.338089


-8.447003 5.192470 -3.338089
-0.000000 -10.777003 1.446393


-0.000000 -10.777003 1.446393
8.632860 5.563960 4.223773


8.632860 5.563960 4.223773
-8.632860 5.213043 -2.919307


-8.632860 5.213043 -2.919307
-0.000000 -10.777003 1.446393


-0.000000 -10.790000 0.916953
8.447003 5.395000 4.912088


8.447003 5.395000 4.912088
-8.447003 5.395000 -3.078182


-8.447003 5.395000 -3.078182
-0.000000 -10.790000 0.916953


-0.000000 -10.790000 0.916953
8.632860 5.395000 4.492801


8.632860 5.395000 4.492801
-8.632860 5.395000 -2.658894


-8.632860 5.395000 -2.658894
-0.000000 -10.790000 0.916953


-0.000000 -10.777003 1.509596
8.447003 5.584533 4.705758


8.447003 5.584533 4.705758
-8.447003 5.192470 -3.274886


-8.447003 5.192470 -3.274886
-0.000000 -10.777003 1.509596


-0.000000 -10.777003 1.509596
8.632860 5.563960 4.286976


8.632860 5.563960 4.286976
-8.632860 5.213043 -2.856104


-8.632860 5.213043 -2.856104
-0.000000 -10.777003 1.509596


-0.000000 -10.790000 0.980156
8.447003 5.395000 4.975291


8.447003 5.395000 4.975291
-8.447003 5.395000 -3.014978


-8.447003 5.395000 -3.014978
-0.000000 -10.790000 0.980156


-0.000000 -10.790000 0.980156
8.632860 5.395000 4.556004


8.632860 5.395000 4.556004
-8.632860 5.395000 -2.595691


-8.632860 5.395000 -2.595691
-0.000000 -10.790000 0.980156


-0.000000 -10.777003 1.446393
8.346413 5.594646 4.848404


8.346413 5.594646 4.848404
-8.346413 5.182357 -3.543938


-8.346413 5.182357 -3.543938
-0.000000 -10.777003 1.446393


-0.000000 -10.760764 1.710715
8.447003 5.674282 4.504382


8.447003 5.674282 4.504382
-8.447003 5.086482 -3.464237


-8.447003 5.086482 -3.464237
-0.000000 -10.760764 1.710715


-0.000000 -10.760764 1.710715
8.346413 5.689444 4.709920


8.346413 5.689444 4.709920
-8.346413 5.071320 -3.669775


-8.346413 5.071320 -3.669775
-0.000000 -10.760764 1.710715


-0.000000 -10.777003 1.414792
8.447003 5.584533 4.610954


8.447003 5.584533 4.610954
-8.447003 5.192470 -3.369691


-8.447003 5.192470 -3.369691
-0.000000 -10.777003 1.414792


-0.000000 -10.777003 1.414792
8.346413 5.594646 4.816802


8.346413 5.594646 4.816802
-8.346413 5.182357 -3.575539


-8.346413 5.182357 -3.575539
-0.000000 -10.777003 1.414792


-0.000000 -10.760764 1.679113
8.447003 5.674282 4.472780


8.447003 5.674282 4.472780
-8.447003 5.086482 -3.495839


-8.447003 5.086482 -3.495839
-0.000000 -10.760764 1.679113


-0.000000 -10.760764 1.679113
8.346413 5.689444 4.678319


8.346413 5.689444 4.678319
-8.346413 5.071320 -3.701377


-8.346413 5.071320 -3.701377
-0.000000 -10.760764 1.679113


-0.000000 -10.777003 1.414792
8.542504 5.574303 4.402702


8.542504 5.574303 4.402702
-8.542504 5.202700 -3.161439


-8.542504 5.202700 -3.161439
-0.000000 -10.777003 1.414792


-0.000000 -10.786750 1.150151
8.447003 5.491421 4.746883


8.447003 5.491421 4.746883
-8.447003 5.295330 -3.240980


-8.447003 5.295330 -3.240980
-0.000000 -10.786750 1.150151


-0.000000 -10.786750 1.150151
8.542504 5.486304 4.538443


8.542504 5.486304 4.538443
-8.542504 5.300447 -3.032539


-8.542504 5.300447 -3.032539
-0.000000 -10.786750 1.150151


-0.000000 -10.777003 1.446393
8.447003 5.584533 4.642555


8.447003 5.584533 4.642555
-8.447003 5.192470 -3.338089


-8.447003 5.192470 -3.338089
-0.000000 -10.777003 1.446393


-0.000000 -10.777003 1.446393
8.542504 5.574303 4.434303


8.542504 5.574303 4.434303
-8.542504 5.202700 -3.129837


-8.542504 5.202700 -3.129837
-0.000000 -10.777003 1.446393


-0.000000 -10.786750 1.181753
8.447003 5.491421 4.778485


8.447003 5.491421 4.778485
-8.447003 5.295330 -3.209378


-8.447003 5.295330 -3.209378
-0.000000 -10.786750 1.181753


-0.000000 -10.786750 1.181753
8.542504 5.486304 4.570044


8.542504 5.486304 4.570044
-8.542504 5.300447 -3.000938


-8.542504 5.300447 -3.000938
-0.000000 -10.786750 1.181753


-0.000000 -10.777003 1.414792
8.495393 5.579432 4.507120


8.495393 5.579432 4.507120
-8.495393 5.197571 -3.265858


-8.495393 5.197571 -3.265858
-0.000000 -10.777003 1.414792


-0.000000 -10.769694 1.547002
8.542504 5.617046 4.334032


8.542504 5.617046 4.334032
-8.542504 5.152648 -3.224979


-8.542504 5.152648 -3.224979
-0.000000 -10.769694 1.547002


-0.000000 -10.769694 1.547002
8.495393 5.623457 4.438380


8.495393 5.623457 4.438380
-8.495393 5.146237 -3.329327


-8.495393 5.146237 -3.329327
-0.000000 -10.769694 1.547002


-0.000000 -10.777003 1.398991
8.542504 5.574303 4.386901


8.542504 5.574303 4.386901
-8.542504 5.202700 -3.177240


-8.542504 5.202700 -3.177240
-0.000000 -10.777003 1.398991


-0.000000 -10.777003 1.398991
8.495393 5.579432 4.491320


8.495393 5.579432 4.491320
-8.495393 5.197571 -3.281658


-8.495393 5.197571 -3.281658
-0.000000 -10.777003 1.398991


-0.000000 -10.769694 1.531202
8.542504 5.617046 4.318231


8.542504 5.617046 4.318231
-8.542504 5.152648 -3.240780


-8.542504 5.152648 -3.240780
-0.000000 -10.769694 1.531202


-0.000000 -10.769694 1.531202
8.495393 5.623457 4.422579


8.495393 5.623457 4.422579
-8.495393 5.146237 -3.345128


-8.495393 5.146237 -3.345128
-0.000000 -10.769694 1.531202


-0.000000 -10.777003 1.398991
8.588329 5.569145 4.281913


8.588329 5.569145 4.281913
-8.588329 5.207858 -3.072252


-8.588329 5.207858 -3.072252
-0.000000 -10.777003 1.398991


-0.000000 -10.782689 1.266701
8.542504 5.530720 4.455042


8.542504 5.530720 4.455042
-8.542504 5.251969 -3.113090


-8.542504 5.251969 -3.113090
-0.000000 -10.782689 1.266701


-0.000000 -10.782689 1.266701
8.588329 5.526851 4.349998


8.588329 5.526851 4.349998
-8.588329 5.255838 -3.008046


-8.588329 5.255838 -3.008046
-0.000000 -10.782689 1.266701


-0.000000 -10.777003 1.414792
8.542504 5.574303 4.402702


8.542504 5.574303 4.402702
-8.542504 5.202700 -3.161439


-8.542504 5.202700 -3.161439
-0.000000 -10.777003 1.414792


-0.000000 -10.777003 1.414792
8.588329 5.569145 4.297714


8.588329 5.569145 4.297714
-8.588329 5.207858 -3.056451


-8.588329 5.207858 -3.056451
-0.000000 -10.777003 1.414792


-0.000000 -10.782689 1.282501
8.542504 5.530720 4.470842


8.542504 5.530720 4.470842
-8.542504 5.251969 -3.097289


-8.542504 5.251969 -3.097289
-0.000000 -10.782689 1.282501


-0.000000 -10.782689 1.282501
8.588329 5.526851 4.365799


8.588329 5.526851 4.365799
-8.588329 5.255838 -2.992246


-8.588329 5.255838 -2.992246
-0.000000 -10.782689 1.282501


-0.000000 -10.777003 1.398991
8.519109 5.576871 4.439183


8.519109 5.576871 4.439183
-8.519109 5.200132 -3.229521


-8.519109 5.200132 -3.229521
-0.000000 -10.777003 1.398991


-0.000000 -10.773552 1.465107
8.542504 5.595780 4.352632


8.542504 5.595780 4.352632
-8.542504 5.177772 -3.209087


-8.542504 5.177772 -3.209087
-0.000000 -10.773552 1.465107


-0.000000 -10.773552 1.465107
8.519109 5.598669 4.404896


8.519109 5.598669 4.404896
-8.519109 5.174883 -3.261351


-8.519109 5.174883 -3.261351
-0.000000 -10.773552 1.465107


-0.000000 -10.777003 1.391091
8.542504 5.574303 4.379001


8.542504 5.574303 4.379001
-8.542504 5.202700 -3.185140


-8.542504 5.202700 -3.185140
-0.000000 -10.777003 1.391091


-0.000000 -10.777003 1.391091
8.519109 5.576871 4.431282


8.519109 5.576871 4.431282
-8.519109 5.200132 -3.237422


-8.519109 5.200132 -3.237422
-0.000000 -10.777003 1.391091


-0.000000 -10.773552 1.457207
8.542504 5.595780 4.344731


8.542504 5.595780 4.344731
-8.542504 5.177772 -3.216987


-8.542504 5.177772 -3.216987
-0.000000 -10.773552 1.457207


-0.000000 -10.773552 1.457207
8.519109 5.598669 4.396996


8.519109 5.598669 4.396996
-8.519109 5.174883 -3.269252


-8.519109 5.174883 -3.269252
-0.000000 -10.773552 1.457207


-0.000000 -10.773552 1.457207
8.565577 5.592883 4.292324


8.565577 5.592883 4.292324
-8.565577 5.180669 -3.164580


-8.565577 5.180669 -3.164580
-0.000000 -10.773552 1.457207


-0.000000 -10.777003 1.391091
8.542504 5.574303 4.379001


8.542504 5.574303 4.379001
-8.542504 5.202700 -3.185140


-8.542504 5.202700 -3.185140
-0.000000 -10.777003 1.391091


-0.000000 -10.777003 1.391091
8.565577 5.571727 4.326577


8.565577 5.571727 4.326577
-8.565577 5.205276 -3.132716


-8.565577 5.205276 -3.132716
-0.000000 -10.777003 1.391091


-0.000000 -10.773552 1.465107
8.542504 5.595780 4.352632


8.542504 5.595780 4.352632
-8.542504 5.177772 -3.209087


-8.542504 5.177772 -3.209087
-0.000000 -10.773552 1.465107


-0.000000 -10.773552 1.465107
8.565577 5.592883 4.300225


8.565577 5.592883 4.300225
-8.565577 5.180669 -3.156680


-8.565577 5.180669 -3.156680
-0.000000 -10.773552 1.465107


-0.000000 -10.777003 1.398991
8.542504 5.574303 4.386901


8.542504 5.574303 4.386901
-8.542504 5.202700 -3.177240


-8.542504 5.202700 -3.177240
-0.000000 -10.777003 1.398991


-0.000000 -10.777003 1.398991
8.565577 5.571727 4.334477


8.565577 5.571727 4.334477
-8.565577 5.205276 -3.124816


-8.565577 5.205276 -3.124816
-0.000000 -10.777003 1.398991


-0.000000 -10.773552 1.457207
8.530847 5.597225 4.370881


8.530847 5.597225 4.370881
-8.530847 5.176326 -3.243137


-8.530847 5.176326 -3.243137
-0.000000 -10.773552 1.457207


-0.000000 -10.771674 1.490257
8.542504 5.606439 4.327547


8.542504 5.606439 4.327547
-8.542504 5.165234 -3.232853


-8.542504 5.165234 -3.232853
-0.000000 -10.771674 1.490257


-0.000000 -10.771674 1.490257
8.530847 5.607965 4.353693


8.530847 5.607965 4.353693
-8.530847 5.163708 -3.258999


-8.530847 5.163708 -3.258999
-0.000000 -10.771674 1.490257


-0.000000 -10.773552 1.453257
8.542504 5.595780 4.340781


8.542504 5.595780 4.340781
-8.542504 5.177772 -3.220937


-8.542504 5.177772 -3.220937
-0.000000 -10.773552 1.453257


-0.000000 -10.773552 1.453257
8.530847 5.597225 4.366931


8.530847 5.597225 4.366931
-8.530847 5.176326 -3.247088


-8.530847 5.176326 -3.247088
-0.000000 -10.773552 1.453257


-0.000000 -10.771674 1.486307
8.542504 5.606439 4.323597


8.542504 5.606439 4.323597
-8.542504 5.165234 -3.236803


-8.542504 5.165234 -3.236803
-0.000000 -10.771674 1.486307


-0.000000 -10.771674 1.486307
8.530847 5.607965 4.349743


8.530847 5.607965 4.349743
-8.530847 5.163708 -3.262949


-8.530847 5.163708 -3.262949
-0.000000 -10.771674 1.486307


-0.000000 -10.773552 1.453257
8.554081 5.594332 4.314595


8.554081 5.594332 4.314595
-8.554081 5.179219 -3.194751


-8.554081 5.179219 -3.194751
-0.000000 -10.773552 1.453257


-0.000000 -10.775328 1.420201
8.542504 5.585068 4.357932


8.542504 5.585068 4.357932
-8.542504 5.190260 -3.205033


-8.542504 5.190260 -3.205033
-0.000000 -10.775328 1.420201


-0.000000 -10.775328 1.420201
8.554081 5.583700 4.331742


8.554081 5.583700 4.331742
-8.554081 5.191628 -3.178843


-8.554081 5.191628 -3.178843
-0.000000 -10.775328 1.420201


-0.000000 -10.773552 1.457207
8.542504 5.595780 4.344731


8.542504 5.595780 4.344731
-8.542504 5.177772 -3.216987


-8.542504 5.177772 -3.216987
-0.000000 -10.773552 1.457207


-0.000000 -10.773552 1.457207
8.554081 5.594332 4.318545


8.554081 5.594332 4.318545
-8.554081 5.179219 -3.190801


-8.554081 5.179219 -3.190801
-0.000000 -10.773552 1.457207


-0.000000 -10.775328 1.424151
8.542504 5.585068 4.361882


8.542504 5.585068 4.361882
-8.542504 5.190260 -3.201083


-8.542504 5.190260 -3.201083
-0.000000 -10.775328 1.424151


-0.000000 -10.775328 1.424151
8.554081 5.583700 4.335692


8.554081 5.583700 4.335692
-8.554081 5.191628 -3.174893


-8.554081 5.191628 -3.174893
-0.000000 -10.775328 1.424151


-0.000000 -10.773552 1.453257
8.536685 5.596503 4.353861


8.536685 5.596503 4.353861
-8.536685 5.177049 -3.234017


-8.536685 5.177049 -3.234017
-0.000000 -10.773552 1.453257


-0.000000 -10.772625 1.469783
8.542504 5.601116 4.332193


8.542504 5.601116 4.332193
-8.542504 5.171509 -3.228875


-8.542504 5.171509 -3.228875
-0.000000 -10.772625 1.469783


-0.000000 -10.772625 1.469783
8.536685 5.601859 4.345272


8.536685 5.601859 4.345272
-8.536685 5.170766 -3.241954


-8.536685 5.170766 -3.241954
-0.000000 -10.772625 1.469783


-0.000000 -10.773552 1.451282
8.542504 5.595780 4.338806


8.542504 5.595780 4.338806
-8.542504 5.177772 -3.222912


-8.542504 5.177772 -3.222912
-0.000000 -10.773552 1.451282


-0.000000 -10.773552 1.451282
8.536685 5.596503 4.351886


8.536685 5.596503 4.351886
-8.536685 5.177049 -3.235992


-8.536685 5.177049 -3.235992
-0.000000 -10.773552 1.451282


-0.000000 -10.772625 1.467807
8.542504 5.601116 4.330218


8.542504 5.601116 4.330218
-8.542504 5.171509 -3.230850


-8.542504 5.171509 -3.230850
-0.000000 -10.772625 1.467807


-0.000000 -10.772625 1.467807
8.536685 5.601859 4.343296


8.536685 5.601859 4.343296
-8.536685 5.170766 -3.243929


-8.536685 5.170766 -3.243929
-0.000000 -10.772625 1.467807


-0.000000 -10.773552 1.451282
8.542504 5.595780 4.338806


8.542504 5.595780 4.338806
-8.542504 5.177772 -3.222912


-8.542504 5.177772 -3.222912
-0.000000 -10.773552 1.451282


-0.000000 -10.774452 1.434755
8.536685 5.591133 4.360466


8.536685 5.591133 4.360466
-8.536685 5.183319 -3.228046


-8.536685 5.183319 -3.228046
-0.000000 -10.774452 1.434755


-0.000000 -10.774452 1.434755
8.542504 5.590430 4.347386


8.542504 5.590430 4.347386
-8.542504 5.184022 -3.214965


-8.542504 5.184022 -3.214965
-0.000000 -10.774452 1.434755


-0.000000 -10.773552 1.453257
8.536685 5.596503 4.353861


8.536685 5.596503 4.353861
-8.536685 5.177049 -3.234017


-8.536685 5.177049 -3.234017
-0.000000 -10.773552 1.453257


-0.000000 -10.773552 1.453257
8.542504 5.595780 4.340781


8.542504 5.595780 4.340781
-8.542504 5.177772 -3.220937


-8.542504 5.177772 -3.220937
-0.000000 -10.773552 1.453257


-0.000000 -10.774452 1.436730
8.536685 5.591133 4.362441


8.536685 5.591133 4.362441
-8.536685 5.183319 -3.226071


-8.536685 5.183319 -3.226071
-0.000000 -10.774452 1.436730


-0.000000 -10.774452 1.436730
8.542504 5.590430 4.349361


8.542504 5.590430 4.349361
-8.542504 5.184022 -3.212990


-8.542504 5.184022 -3.212990
-0.000000 -10.774452 1.436730


-0.000000 -10.774452 1.434755
8.533768 5.591485 4.367003


8.533768 5.591485 4.367003
-8.533768 5.182968 -3.234583


-8.533768 5.182968 -3.234583
-0.000000 -10.774452 1.434755


-0.000000 -10.774005 1.443018
8.536685 5.593820 4.356177


8.536685 5.593820 4.356177
-8.536685 5.180185 -3.232020


-8.536685 5.180185 -3.232020
-0.000000 -10.774005 1.443018


-0.000000 -10.774005 1.443018
8.533768 5.594176 4.362714


8.533768 5.594176 4.362714
-8.533768 5.179829 -3.238557


-8.533768 5.179829 -3.238557
-0.000000 -10.774005 1.443018


-0.000000 -10.774452 1.433767
8.536685 5.591133 4.359479


8.536685 5.591133 4.359479
-8.536685 5.183319 -3.229033


-8.536685 5.183319 -3.229033
-0.000000 -10.774452 1.433767


-0.000000 -10.774452 1.433767
8.533768 5.591485 4.366016


8.533768 5.591485 4.366016
-8.533768 5.182968 -3.235570


-8.533768 5.182968 -3.235570
-0.000000 -10.774452 1.433767


-0.000000 -10.774005 1.442031
8.536685 5.593820 4.355189


8.536685 5.593820 4.355189
-8.536685 5.180185 -3.233008


-8.536685 5.180185 -3.233008
-0.000000 -10.774005 1.442031


-0.000000 -10.774005 1.442031
8.533768 5.594176 4.361726


8.533768 5.594176 4.361726
-8.533768 5.179829 -3.239544


-8.533768 5.179829 -3.239544
-0.000000 -10.774005 1.442031


-0.000000 -10.774452 1.433767
8.536685 5.591133 4.359479


8.536685 5.591133 4.359479
-8.536685 5.183319 -3.229033


-8.536685 5.183319 -3.229033
-0.000000 -10.774452 1.433767


-0.000000 -10.774893 1.425503
8.533768 5.588790 4.370303


8.533768 5.588790 4.370303
-8.533768 5.186104 -3.231594


-8.533768 5.186104 -3.231594
-0.000000 -10.774893 1.425503


-0.000000 -10.774893 1.425503
8.536685 5.588443 4.363766


8.536685 5.588443 4.363766
-8.536685 5.186450 -3.225056


-8.536685 5.186450 -3.225056
-0.000000 -10.774893 1.425503


-0.000000 -10.774452 1.434755
8.533768 5.591485 4.367003


8.533768 5.591485 4.367003
-8.533768 5.182968 -3.234583


-8.533768 5.182968 -3.234583
-0.000000 -10.774452 1.434755


-0.000000 -10.774452 1.434755
8.536685 5.591133 4.360466


8.536685 5.591133 4.360466
-8.536685 5.183319 -3.228046


-8.536685 5.183319 -3.228046
-0.000000 -10.774452 1.434755


-0.000000 -10.774893 1.426491
8.533768 5.588790 4.371291


8.533768 5.588790 4.371291
-8.533768 5.186104 -3.230606


-8.533768 5.186104 -3.230606
-0.000000 -10.774893 1.426491


-0.000000 -10.774893 1.426491
8.536685 5.588443 4.364754


8.536685 5.588443 4.364754
-8.536685 5.186450 -3.224069


-8.536685 5.186450 -3.224069
-0.000000 -10.774893 1.426491


-0.000000 -10.774452 1.433767
8.532308 5.591660 4.369283


8.532308 5.591660 4.369283
-8.532308 5.182792 -3.238838


-8.532308 5.182792 -3.238838
-0.000000 -10.774452 1.433767


-0.000000 -10.774230 1.437899
8.533768 5.592831 4.363871


8.533768 5.592831 4.363871
-8.533768 5.181399 -3.237558


-8.533768 5.181399 -3.237558
-0.000000 -10.774230 1.437899


-0.000000 -10.774230 1.437899
8.532308 5.593008 4.367139


8.532308 5.593008 4.367139
-8.532308 5.181222 -3.240825


-8.532308 5.181222 -3.240825
-0.000000 -10.774230 1.437899


-0.000000 -10.774452 1.433273
8.533768 5.591485 4.365522


8.533768 5.591485 4.365522
-8.533768 5.182968 -3.236064


-8.533768 5.182968 -3.236064
-0.000000 -10.774452 1.433273


-0.000000 -10.774452 1.433273
8.532308 5.591660 4.368790


8.532308 5.591660 4.368790
-8.532308 5.182792 -3.239332


-8.532308 5.182792 -3.239332
-0.000000 -10.774452 1.433273


-0.000000 -10.774230 1.437405
8.533768 5.592831 4.363377


8.533768 5.592831 4.363377
-8.533768 5.181399 -3.238051


-8.533768 5.181399 -3.238051
-0.000000 -10.774230 1.437405


-0.000000 -10.774230 1.437405
8.532308 5.593008 4.366645


8.532308 5.593008 4.366645
-8.532308 5.181222 -3.241319


-8.532308 5.181222 -3.241319
-0.000000 -10.774230 1.437405


-0.000000 -10.774452 1.433273
8.535227 5.591309 4.362254


8.535227 5.591309 4.362254
-8.535227 5.183144 -3.232796


-8.535227 5.183144 -3.232796
-0.000000 -10.774452 1.433273


-0.000000 -10.774674 1.429141
8.533768 5.590138 4.367666


8.533768 5.590138 4.367666
-8.533768 5.184536 -3.234076


-8.533768 5.184536 -3.234076
-0.000000 -10.774674 1.429141


-0.000000 -10.774674 1.429141
8.535227 5.589963 4.364398


8.535227 5.589963 4.364398
-8.535227 5.184711 -3.230808


-8.535227 5.184711 -3.230808
-0.000000 -10.774674 1.429141


-0.000000 -10.774452 1.433767
8.533768 5.591485 4.366016


8.533768 5.591485 4.366016
-8.533768 5.182968 -3.235570


-8.533768 5.182968 -3.235570
-0.000000 -10.774452 1.433767


-0.000000 -10.774452 1.433767
8.535227 5.591309 4.362748


8.535227 5.591309 4.362748
-8.535227 5.183144 -3.232302


-8.535227 5.183144 -3.232302
-0.000000 -10.774452 1.433767


-0.000000 -10.774674 1.429635
8.533768 5.590138 4.368160


8.533768 5.590138 4.368160
-8.533768 5.184536 -3.233582


-8.533768 5.184536 -3.233582
-0.000000 -10.774674 1.429635


-0.000000 -10.774674 1.429635
8.535227 5.589963 4.364892


8.535227 5.589963 4.364892
-8.535227 5.184711 -3.230314


-8.535227 5.184711 -3.230314
-0.000000 -10.774674 1.429635


-0.000000 -10.774452 1.433273
8.533038 5.591572 4.367156


8.533038 5.591572 4.367156
-8.533038 5.182880 -3.237698


-8.533038 5.182880 -3.237698
-0.000000 -10.774452 1.433273


-0.000000 -10.774341 1.435339
8.533768 5.592158 4.364450


8.533768 5.592158 4.364450
-8.533768 5.182183 -3.237058


-8.533768 5.182183 -3.237058
-0.000000 -10.774341 1.435339


-0.000000 -10.774341 1.435339
8.533038 5.592246 4.366084


8.533038 5.592246 4.366084
-8.533038 5.182095 -3.238692


-8.533038 5.182095 -3.238692
-0.000000 -10.774341 1.435339


-0.000000 -10.774452 1.433026
8.533768 5.591485 4.365275


8.533768 5.591485 4.365275
-8.533768 5.182968 -3.236311


-8.533768 5.182968 -3.236311
-0.000000 -10.774452 1.433026


-0.000000 -10.774452 1.433026
8.533038 5.591572 4.366909


8.533038 5.591572 4.366909
-8.533038 5.182880 -3.237945


-8.533038 5.182880 -3.237945
-0.000000 -10.774452 1.433026


-0.000000 -10.774341 1.435092
8.533768 5.592158 4.364203


8.533768 5.592158 4.364203
-8.533768 5.182183 -3.237305


-8.533768 5.182183 -3.237305
-0.000000 -10.774341 1.435092


-0.000000 -10.774341 1.435092
8.533038 5.592246 4.365837


8.533038 5.592246 4.365837
-8.533038 5.182095 -3.238939


-8.533038 5.182095 -3.238939
-0.000000 -10.774341 1.435092


-0.000000 -10.774452 1.433026
8.533768 5.591485 4.365275


8.533768 5.591485 4.365275
-8.533768 5.182968 -3.236311


-8.533768 5.182968 -3.236311
-0.000000 -10.774452 1.433026


-0.000000 -10.774563 1.430960
8.533038 5.590899 4.367981


8.533038 5.590899 4.367981
-8.533038 5.183665 -3.236951


-8.533038 5.183665 -3.236951
-0.000000 -10.774563 1.430960


-0.000000 -10.774563 1.430960
8.533768 5.590811 4.366347


8.533768 5.590811 4.366347
-8.533768 5.183752 -3.235317


-8.533768 5.183752 -3.235317
-0.000000 -10.774563 1.430960


-0.000000 -10.774452 1.433273
8.533038 5.591572 4.367156


8.533038 5.591572 4.367156
-8.533038 5.182880 -3.237698


-8.533038 5.182880 -3.237698
-0.000000 -10.774452 1.433273


-0.000000 -10.774452 1.433273
8.533768 5.591485 4.365522


8.533768 5.591485 4.365522
-8.533768 5.182968 -3.236064


-8.533768 5.182968 -3.236064
-0.000000 -10.774452 1.433273


-0.000000 -10.774563 1.431207
8.533038 5.590899 4.368228


8.533038 5.590899 4.368228
-8.533038 5.183665 -3.236704


-8.533038 5.183665 -3.236704
-0.000000 -10.774563 1.431207


-0.000000 -10.774563 1.431207
8.533768 5.590811 4.366594


8.533768 5.590811 4.366594
-8.533768 5.183752 -3.235070


-8.533768 5.183752 -3.235070
-0.000000 -10.774563 1.431207


-0.000000 -10.774563 1.430960
8.532673 5.590942 4.368798


8.532673 5.590942 4.368798
-8.532673 5.183621 -3.237768


-8.532673 5.183621 -3.237768
-0.000000 -10.774563 1.430960


-0.000000 -10.774508 1.431993
8.533038 5.591236 4.367445


8.533038 5.591236 4.367445
-8.533038 5.183272 -3.237448


-8.533038 5.183272 -3.237448
-0.000000 -10.774508 1.431993


-0.000000 -10.774508 1.431993
8.532673 5.591279 4.368262


8.532673 5.591279 4.368262
-8.532673 5.183229 -3.238265


-8.532673 5.183229 -3.238265
-0.000000 -10.774508 1.431993


-0.000000 -10.774563 1.430837
8.533038 5.590899 4.367858


8.533038 5.590899 4.367858
-8.533038 5.183665 -3.237074


-8.533038 5.183665 -3.237074
-0.000000 -10.774563 1.430837


-0.000000 -10.774563 1.430837
8.532673 5.590942 4.368675


8.532673 5.590942 4.368675
-8.532673 5.183621 -3.237891


-8.532673 5.183621 -3.237891
-0.000000 -10.774563 1.430837


-0.000000 -10.774508 1.431870
8.533038 5.591236 4.367322


8.533038 5.591236 4.367322
-8.533038 5.183272 -3.237571


-8.533038 5.183272 -3.237571
-0.000000 -10.774508 1.431870


-0.000000 -10.774508 1.431870
8.532673 5.591279 4.368139


8.532673 5.591279 4.368139
-8.532673 5.183229 -3.238388


-8.532673 5.183229 -3.238388
-0.000000 -10.774508 1.431870


-0.000000 -10.774563 1.430837
8.533038 5.590899 4.367858


8.533038 5.590899 4.367858
-8.533038 5.183665 -3.237074


-8.533038 5.183665 -3.237074
-0.000000 -10.774563 1.430837


-0.000000 -10.774619 1.429804
8.532673 5.590605 4.369211


8.532673 5.590605 4.369211
-8.532673 5.184013 -3.237394


-8.532673 5.184013 -3.237394
-0.000000 -10.774619 1.429804


-0.000000 -10.774619 1.429804
8.533038 5.590562 4.368394


8.533038 5.590562 4.368394
-8.533038 5.184057 -3.236577


-8.533038 5.184057 -3.236577
-0.000000 -10.774619 1.429804


-0.000000 -10.774563 1.430960
8.532673 5.590942 4.368798


8.532673 5.590942 4.368798
-8.532673 5.183621 -3.237768


-8.532673 5.183621 -3.237768
-0.000000 -10.774563 1.430960


-0.000000 -10.774563 1.430960
8.533038 5.590899 4.367981


8.533038 5.590899 4.367981
-8.533038 5.183665 -3.236951


-8.533038 5.183665 -3.236951
-0.000000 -10.774563 1.430960


-0.000000 -10.774619 1.429927
8.532673 5.590605 4.369334


8.532673 5.590605 4.369334
-8.532673 5.184013 -3.237271


-8.532673 5.184013 -3.237271
-0.000000 -10.774619 1.429927


-0.000000 -10.774619 1.429927
8.533038 5.590562 4.368517


8.533038 5.590562 4.368517
-8.533038 5.184057 -3.236454


-8.533038 5.184057 -3.236454
-0.000000 -10.774619 1.429927


-0.000000 -10.774563 1.430837
8.532491 5.590964 4.369083


8.532491 5.590964 4.369083
-8.532491 5.183599 -3.238300


-8.532491 5.183599 -3.238300
-0.000000 -10.774563 1.430837


-0.000000 -10.774536 1.431354
8.532673 5.591111 4.368407


8.532673 5.591111 4.368407
-8.532673 5.183425 -3.238140


-8.532673 5.183425 -3.238140
-0.000000 -10.774536 1.431354


-0.000000 -10.774536 1.431354
8.532491 5.591133 4.368815


8.532491 5.591133 4.368815
-8.532491 5.183403 -3.238548


-8.532491 5.183403 -3.238548
-0.000000 -10.774536 1.431354


-0.000000 -10.774563 1.430775
8.532673 5.590942 4.368613


8.532673 5.590942 4.368613
-8.532673 5.183621 -3.237953


-8.532673 5.183621 -3.237953
-0.000000 -10.774563 1.430775


-0.000000 -10.774563 1.430775
8.532491 5.590964 4.369021


8.532491 5.590964 4.369021
-8.532491 5.183599 -3.238361


-8.532491 5.183599 -3.238361
-0.000000 -10.774563 1.430775


-0.000000 -10.774536 1.431292
8.532673 5.591111 4.368345


8.532673 5.591111 4.368345
-8.532673 5.183425 -3.238201


-8.532673 5.183425 -3.238201
-0.000000 -10.774536 1.431292


-0.000000 -10.774536 1.431292
8.532491 5.591133 4.368753


8.532491 5.591133 4.368753
-8.532491 5.183403 -3.238610


-8.532491 5.183403 -3.238610
-0.000000 -10.774536 1.431292


-0.000000 -10.774563 1.430775
8.532856 5.590921 4.368204


8.532856 5.590921 4.368204
-8.532856 5.183643 -3.237545


-8.532856 5.183643 -3.237545
-0.000000 -10.774563 1.430775


-0.000000 -10.774591 1.430259
8.532673 5.590774 4.368881


8.532673 5.590774 4.368881
-8.532673 5.183817 -3.237705


-8.532673 5.183817 -3.237705
-0.000000 -10.774591 1.430259


-0.000000 -10.774591 1.430259
8.532856 5.590752 4.368472


8.532856 5.590752 4.368472
-8.532856 5.183839 -3.237296


-8.532856 5.183839 -3.237296
-0.000000 -10.774591 1.430259


-0.000000 -10.774563 1.430837
8.532673 5.590942 4.368675


8.532673 5.590942 4.368675
-8.532673 5.183621 -3.237891


-8.532673 5.183621 -3.237891
-0.000000 -10.774563 1.430837


-0.000000 -10.774563 1.430837
8.532856 5.590921 4.368266


8.532856 5.590921 4.368266
-8.532856 5.183643 -3.237483


-8.532856 5.183643 -3.237483
-0.000000 -10.774563 1.430837


-0.000000 -10.774591 1.430321
8.532673 5.590774 4.368943


8.532673 5.590774 4.368943
-8.532673 5.183817 -3.237643


-8.532673 5.183817 -3.237643
-0.000000 -10.774591 1.430321


-0.000000 -10.774591 1.430321
8.532856 5.590752 4.368534


8.532856 5.590752 4.368534
-8.532856 5.183839 -3.237234


-8.532856 5.183839 -3.237234
-0.000000 -10.774591 1.430321


-0.000000 -10.774563 1.430775
8.532582 5.590953 4.368817


8.532582 5.590953 4.368817
-8.532582 5.183610 -3.238157


-8.532582 5.183610 -3.238157
-0.000000 -10.774563 1.430775


-0.000000 -10.774549 1.431034
8.532673 5.591027 4.368479


8.532673 5.591027 4.368479
-8.532673 5.183523 -3.238077


-8.532673 5.183523 -3.238077
-0.000000 -10.774549 1.431034


-0.000000 -10.774549 1.431034
8.532582 5.591038 4.368683


8.532582 5.591038 4.368683
-8.532582 5.183512 -3.238281


-8.532582 5.183512 -3.238281
-0.000000 -10.774549 1.431034


-0.000000 -10.774563 1.430744
8.532673 5.590942 4.368582


8.532673 5.590942 4.368582
-8.532673 5.183621 -3.237984


-8.532673 5.183621 -3.237984
-0.000000 -10.774563 1.430744


-0.000000 -10.774563 1.430744
8.532582 5.590953 4.368786


8.532582 5.590953 4.368786
-8.532582 5.183610 -3.238188


-8.532582 5.183610 -3.238188
-0.000000 -10.774563 1.430744


-0.000000 -10.774549 1.431003
8.532673 5.591027 4.368448


8.532673 5.591027 4.368448
-8.532673 5.183523 -3.238108


-8.532673 5.183523 -3.238108
-0.000000 -10.774549 1.431003


-0.000000 -10.774549 1.431003
8.532582 5.591038 4.368652


8.532582 5.591038 4.368652
-8.532582 5.183512 -3.238312


-8.532582 5.183512 -3.238312
-0.000000 -10.774549 1.431003


-0.000000 -10.774563 1.430744
8.532765 5.590931 4.368378


8.532765 5.590931 4.368378
-8.532765 5.183632 -3.237780


-8.532765 5.183632 -3.237780
-0.000000 -10.774563 1.430744


-0.000000 -10.774577 1.430486
8.532673 5.590858 4.368716


8.532673 5.590858 4.368716
-8.532673 5.183719 -3.237860


-8.532673 5.183719 -3.237860
-0.000000 -10.774577 1.430486


-0.000000 -10.774577 1.430486
8.532765 5.590847 4.368512


8.532765 5.590847 4.368512
-8.532765 5.183730 -3.237655


-8.532765 5.183730 -3.237655
-0.000000 -10.774577 1.430486


-0.000000 -10.774563 1.430775
8.532673 5.590942 4.368613


8.532673 5.590942 4.368613
-8.532673 5.183621 -3.237953


-8.532673 5.183621 -3.237953
-0.000000 -10.774563 1.430775


-0.000000 -10.774563 1.430775
8.532765 5.590931 4.368409


8.532765 5.590931 4.368409
-8.532765 5.183632 -3.237749


-8.532765 5.183632 -3.237749
-0.000000 -10.774563 1.430775


-0.000000 -10.774577 1.430517
8.532673 5.590858 4.368747


8.532673 5.590858 4.368747
-8.532673 5.183719 -3.237829


-8.532673 5.183719 -3.237829
-0.000000 -10.774577 1.430517


-0.000000 -10.774577 1.430517
8.532765 5.590847 4.368543


8.532765 5.590847 4.368543
-8.532765 5.183730 -3.237625


-8.532765 5.183730 -3.237625
-0.000000 -10.774577 1.430517


-0.000000 -10.774563 1.430744
8.532628 5.590948 4.368684


8.532628 5.590948 4.368684
-8.532628 5.183615 -3.238086


-8.532628 5.183615 -3.238086
-0.000000 -10.774563 1.430744


-0.000000 -10.774556 1.430874
8.532673 5.590985 4.368515


8.532673 5.590985 4.368515
-8.532673 5.183572 -3.238046


-8.532673 5.183572 -3.238046
-0.000000 -10.774556 1.430874


-0.000000 -10.774556 1.430874
8.532628 5.590990 4.368617


8.532628 5.590990 4.368617
-8.532628 5.183566 -3.238148


-8.532628 5.183566 -3.238148
-0.000000 -10.774556 1.430874


-0.000000 -10.774563 1.430729
8.532673 5.590942 4.368567


8.532673 5.590942 4.368567
-8.532673 5.183621 -3.237999


-8.532673 5.183621 -3.237999
-0.000000 -10.774563 1.430729


-0.000000 -10.774563 1.430729
8.532628 5.590948 4.368669


8.532628 5.590948 4.368669
-8.532628 5.183615 -3.238101


-8.532628 5.183615 -3.238101
-0.000000 -10.774563 1.430729


-0.000000 -10.774556 1.430858
8.532673 5.590985 4.368500


8.532673 5.590985 4.368500
-8.532673 5.183572 -3.238061


-8.532673 5.183572 -3.238061
-0.000000 -10.774556 1.430858


-0.000000 -10.774556 1.430858
8.532628 5.590990 4.368602


8.532628 5.590990 4.368602
-8.532628 5.183566 -3.238164


-8.532628 5.183566 -3.238164
-0.000000 -10.774556 1.430858


-0.000000 -10.774563 1.430729
8.532673 5.590942 4.368567


8.532673 5.590942 4.368567
-8.532673 5.183621 -3.237999


-8.532673 5.183621 -3.237999
-0.000000 -10.774563 1.430729


-0.000000 -10.774570 1.430600
8.532628 5.590906 4.368736


8.532628 5.590906 4.368736
-8.532628 5.183664 -3.238039


-8.532628 5.183664 -3.238039
-0.000000 -10.774570 1.430600


-0.000000 -10.774570 1.430600
8.532673 5.590900 4.368634


8.532673 5.590900 4.368634
-8.532673 5.183670 -3.237937


-8.532673 5.183670 -3.237937
-0.000000 -10.774570 1.430600


-0.000000 -10.774563 1.430744
8.532628 5.590948 4.368684


8.532628 5.590948 4.368684
-8.532628 5.183615 -3.238086


-8.532628 5.183615 -3.238086
-0.000000 -10.774563 1.430744


-0.000000 -10.774563 1.430744
8.532673 5.590942 4.368582


8.532673 5.590942 4.368582
-8.532673 5.183621 -3.237984


-8.532673 5.183621 -3.237984
-0.000000 -10.774563 1.430744


-0.000000 -10.774570 1.430615
8.532628 5.590906 4.368751


8.532628 5.590906 4.368751
-8.532628 5.183664 -3.238024


-8.532628 5.183664 -3.238024
-0.000000 -10.774570 1.430615


-0.000000 -10.774570 1.430615
8.532673 5.590900 4.368649


8.532673 5.590900 4.368649
-8.532673 5.183670 -3.237922


-8.532673 5.183670 -3.237922
-0.000000 -10.774570 1.430615


-0.000000 -10.774563 1.430729
8.532605 5.590951 4.368720


8.532605 5.590951 4.368720
-8.532605 5.183613 -3.238152


-8.532605 5.183613 -3.238152
-0.000000 -10.774563 1.430729


-0.000000 -10.774560 1.430794
8.532628 5.590969 4.368635


8.532628 5.590969 4.368635
-8.532628 5.183591 -3.238132


-8.532628 5.183591 -3.238132
-0.000000 -10.774560 1.430794


-0.000000 -10.774560 1.430794
8.532605 5.590972 4.368686


8.532605 5.590972 4.368686
-8.532605 5.183588 -3.238184


-8.532605 5.183588 -3.238184
-0.000000 -10.774560 1.430794


-0.000000 -10.774563 1.430721
8.532628 5.590948 4.368661


8.532628 5.590948 4.368661
-8.532628 5.183615 -3.238109


-8.532628 5.183615 -3.238109
-0.000000 -10.774563 1.430721


-0.000000 -10.774563 1.430721
8.532605 5.590951 4.368712


8.532605 5.590951 4.368712
-8.532605 5.183613 -3.238160


-8.532605 5.183613 -3.238160
-0.000000 -10.774563 1.430721


-0.000000 -10.774560 1.430786
8.532628 5.590969 4.368627


8.532628 5.590969 4.368627
-8.532628 5.183591 -3.238140


-8.532628 5.183591 -3.238140
-0.000000 -10.774560 1.430786


-0.000000 -10.774560 1.430786
8.532605 5.590972 4.368679


8.532605 5.590972 4.368679
-8.532605 5.183588 -3.238191


-8.532605 5.183588 -3.238191
-0.000000 -10.774560 1.430786


-0.000000 -10.774563 1.430721
8.532650 5.590945 4.368610


8.532650 5.590945 4.368610
-8.532650 5.183618 -3.238058


-8.532650 5.183618 -3.238058
-0.000000 -10.774563 1.430721


-0.000000 -10.774567 1.430657
8.532628 5.590927 4.368694


8.532628 5.590927 4.368694
-8.532628 5.183640 -3.238078


-8.532628 5.183640 -3.238078
-0.000000 -10.774567 1.430657


-0.000000 -10.774567 1.430657
8.532650 5.590924 4.368643


8.532650 5.590924 4.368643
-8.532650 5.183643 -3.238027


-8.532650 5.183643 -3.238027
-0.000000 -10.774567 1.430657


-0.000000 -10.774563 1.430729
8.532628 5.590948 4.368669


8.532628 5.590948 4.368669
-8.532628 5.183615 -3.238101


-8.532628 5.183615 -3.238101
-0.000000 -10.774563 1.430729


-0.000000 -10.774563 1.430729
8.532650 5.590945 4.368618


8.532650 5.590945 4.368618
-8.532650 5.183618 -3.238050


-8.532650 5.183618 -3.238050
-0.000000 -10.774563 1.430729


-0.000000 -10.774567 1.430664
8.532628 5.590927 4.368702


8.532628 5.590927 4.368702
-8.532628 5.183640 -3.238070


-8.532628 5.183640 -3.238070
-0.000000 -10.774567 1.430664


-0.000000 -10.774567 1.430664
8.532650 5.590924 4.368651


8.532650 5.590924 4.368651
-8.532650 5.183643 -3.238019


-8.532650 5.183643 -3.238019
-0.000000 -10.774567 1.430664


-0.000000 -10.774563 1.430721
8.532616 5.590949 4.368687


8.532616 5.590949 4.368687
-8.532616 5.183614 -3.238135


-8.532616 5.183614 -3.238135
-0.000000 -10.774563 1.430721


-0.000000 -10.774562 1.430754
8.532628 5.590958 4.368644


8.532628 5.590958 4.368644
-8.532628 5.183603 -3.238125


-8.532628 5.183603 -3.238125
-0.000000 -10.774562 1.430754


-0.000000 -10.774562 1.430754
8.532616 5.590960 4.368670


8.532616 5.590960 4.368670
-8.532616 5.183602 -3.238150


-8.532616 5.183602 -3.238150
-0.000000 -10.774562 1.430754


-0.000000 -10.774563 1.430717
8.532628 5.590948 4.368657


8.532628 5.590948 4.368657
-8.532628 5.183615 -3.238113


-8.532628 5.183615 -3.238113
-0.000000 -10.774563 1.430717


-0.000000 -10.774563 1.430717
8.532616 5.590949 4.368683


8.532616 5.590949 4.368683
-8.532616 5.183614 -3.238139


-8.532616 5.183614 -3.238139
-0.000000 -10.774563 1.430717


-0.000000 -10.774562 1.430750
8.532628 5.590958 4.368640


8.532628 5.590958 4.368640
-8.532628 5.183603 -3.238129


-8.532628 5.183603 -3.238129
-0.000000 -10.774562 1.430750


-0.000000 -10.774562 1.430750
8.532616 5.590960 4.368666


8.532616 5.590960 4.368666
-8.532616 5.183602 -3.238154


-8.532616 5.183602 -3.238154
-0.000000 -10.774562 1.430750


-0.000000 -10.774563 1.430717
8.532628 5.590948 4.368657


8.532628 5.590948 4.368657
-8.532628 5.183615 -3.238113


-8.532628 5.183615 -3.238113
-0.000000 -10.774563 1.430717


-0.000000 -10.774565 1.430685
8.532616 5.590939 4.368699


8.532616 5.590939 4.368699
-8.532616 5.183626 -3.238123


-8.532616 5.183626 -3.238123
-0.000000 -10.774565 1.430685


-0.000000 -10.774565 1.430685
8.532628 5.590937 4.368674


8.532628 5.590937 4.368674
-8.532628 5.183628 -3.238097


-8.532628 5.183628 -3.238097
-0.000000 -10.774565 1.430685


-0.000000 -10.774563 1.430721
8.532616 5.590949 4.368687


8.532616 5.590949 4.368687
-8.532616 5.183614 -3.238135


-8.532616 5.183614 -3.238135
-0.000000 -10.774563 1.430721


-0.000000 -10.774563 1.430721
8.532628 5.590948 4.368661


8.532628 5.590948 4.368661
-8.532628 5.183615 -3.238109


-8.532628 5.183615 -3.238109
-0.000000 -10.774563 1.430721


-0.000000 -10.774565 1.430689
8.532616 5.590939 4.368703


8.532616 5.590939 4.368703
-8.532616 5.183626 -3.238119


-8.532616 5.183626 -3.238119
-0.000000 -10.774565 1.430689


-0.000000 -10.774565 1.430689
8.532628 5.590937 4.368678


8.532628 5.590937 4.368678
-8.532628 5.183628 -3.238094


-8.532628 5.183628 -3.238094
-0.000000 -10.774565 1.430689


-0.000000 -10.774563 1.430717
8.532611 5.590950 4.368695


8.532611 5.590950 4.368695
-8.532611 5.183613 -3.238151


-8.532611 5.183613 -3.238151
-0.000000 -10.774563 1.430717


-0.000000 -10.774562 1.430734
8.532616 5.590954 4.368674


8.532616 5.590954 4.368674
-8.532616 5.183608 -3.238146


-8.532616 5.183608 -3.238146
-0.000000 -10.774562 1.430734


-0.000000 -10.774562 1.430734
8.532611 5.590955 4.368687


8.532611 5.590955 4.368687
-8.532611 5.183607 -3.238159


-8.532611 5.183607 -3.238159
-0.000000 -10.774562 1.430734


-0.000000 -10.774563 1.430716
8.532616 5.590949 4.368681


8.532616 5.590949 4.368681
-8.532616 5.183614 -3.238140


-8.532616 5.183614 -3.238140
-0.000000 -10.774563 1.430716


