-0.000000 -10.790000 1.865000
9.344140 5.395000 1.865000


9.344140 5.395000 1.865000
-9.344140 5.395000 1.865000


-9.344140 5.395000 1.865000
-0.000000 -10.790000 1.865000


0.000000 -10.790000 1.865000
-9.344140 5.395000 1.865000


-9.344140 5.395000 1.865000
9.344140 5.395000 1.865000


9.344140 5.395000 1.865000
0.000000 -10.790000 1.865000


-0.000000 10.790000 1.865000
9.344140 -5.395000 1.865000


9.344140 -5.395000 1.865000
-9.344140 -5.395000 1.865000


-9.344140 -5.395000 1.865000
-0.000000 10.790000 1.865000


0.000000 10.790000 1.865000
-9.344140 -5.395000 1.865000


-9.344140 -5.395000 1.865000
9.344140 -5.395000 1.865000


9.344140 -5.395000 1.865000
0.000000 10.790000 1.865000


-0.000000 -10.790000 -2.180000
9.344140 5.395000 -2.180000


9.344140 5.395000 -2.180000
-9.344140 5.395000 -2.180000


-9.344140 5.395000 -2.180000
-0.000000 -10.790000 -2.180000


0.000000 -10.790000 -2.180000
-9.344140 5.395000 -2.180000


-9.344140 5.395000 -2.180000
9.344140 5.395000 -2.180000


9.344140 5.395000 -2.180000
0.000000 -10.790000 -2.180000


-0.000000 10.790000 -2.180000
9.344140 -5.395000 -2.180000


9.344140 -5.395000 -2.180000
-9.344140 -5.395000 -2.180000


-9.344140 -5.395000 -2.180000
-0.000000 10.790000 -2.180000


0.000000 10.790000 -2.180000
-9.344140 -5.395000 -2.180000


-9.344140 -5.395000 -2.180000
9.344140 -5.395000 -2.180000


9.344140 -5.395000 -2.180000
0.000000 10.790000 -2.180000


0.000000 -10.790000 1.865000
-9.344140 5.395000 1.865000


-9.344140 5.395000 1.865000
9.344140 5.395000 1.865000


9.344140 5.395000 1.865000
0.000000 -10.790000 1.865000


-0.000000 10.790000 1.865000
9.344140 -5.395000 1.865000


9.344140 -5.395000 1.865000
-9.344140 -5.395000 1.865000


-9.344140 -5.395000 1.865000
-0.000000 10.790000 1.865000


0.000000 10.790000 1.865000
-9.344140 -5.395000 1.865000


-9.344140 -5.395000 1.865000
9.344140 -5.395000 1.865000


9.344140 -5.395000 1.865000
0.000000 10.790000 1.865000


-0.000000 -10.790000 5.910000
9.344140 5.395000 5.910000


9.344140 5.395000 5.910000
-9.344140 5.395000 5.910000


-9.344140 5.395000 5.910000
-0.000000 -10.790000 5.910000


0.000000 -10.790000 5.910000
-9.344140 5.395000 5.910000


-9.344140 5.395000 5.910000
9.344140 5.395000 5.910000


9.344140 5.395000 5.910000
0.000000 -10.790000 5.910000


-0.000000 10.790000 5.910000
9.344140 -5.395000 5.910000


9.344140 -5.395000 5.910000
-9.344140 -5.395000 5.910000


-9.344140 -5.395000 5.910000
-0.000000 10.790000 5.910000


0.000000 10.790000 5.910000
-9.344140 -5.395000 5.910000


-9.344140 -5.395000 5.910000
9.344140 -5.395000 5.910000


9.344140 -5.395000 5.910000
0.000000 10.790000 5.910000


0.000000 -10.790000 1.865000
-0.000000 5.395000 11.209140


-0.000000 5.395000 11.209140
0.000000 5.395000 -7.479140


0.000000 5.395000 -7.479140
0.000000 -10.790000 1.865000


-0.000000 0.000000 12.655000
9.344140 0.000000 -3.530000


9.344140 0.000000 -3.530000
-9.344140 -0.000000 -3.530000


-9.344140 -0.000000 -3.530000
-0.000000 0.000000 12.655000


0.000000 0.000000 12.655000
-0.000000 9.344140 -3.530000


-0.000000 9.344140 -3.530000
0.000000 -9.344140 -3.530000


0.000000 -9.344140 -3.530000
0.000000 0.000000 12.655000


-0.000000 -10.790000 -0.157500
9.344140 5.395000 -0.157500


9.344140 5.395000 -0.157500
-9.344140 5.395000 -0.157500


-9.344140 5.395000 -0.157500
-0.000000 -10.790000 -0.157500


0.000000 -10.790000 -0.157500
-0.000000 5.395000 9.186640


-0.000000 5.395000 9.186640
0.000000 5.395000 -9.501640


0.000000 5.395000 -9.501640
0.000000 -10.790000 -0.157500


-0.000000 0.000000 10.632500
9.344140 0.000000 -5.552500


9.344140 0.000000 -5.552500
-9.344140 -0.000000 -5.552500


-9.344140 -0.000000 -5.552500
-0.000000 0.000000 10.632500


0.000000 0.000000 10.632500
-0.000000 9.344140 -5.552500


-0.000000 9.344140 -5.552500
0.000000 -9.344140 -5.552500


0.000000 -9.344140 -5.552500
0.000000 0.000000 10.632500


0.000000 -10.790000 -0.157500
0.000000 5.395000 -9.501640


0.000000 5.395000 -9.501640
-0.000000 5.395000 9.186640


-0.000000 5.395000 9.186640
0.000000 -10.790000 -0.157500


-0.000000 -0.000000 -10.947500
9.344140 -0.000000 5.237500


9.344140 -0.000000 5.237500
-9.344140 0.000000 5.237500


-9.344140 0.000000 5.237500
-0.000000 -0.000000 -10.947500


0.000000 -0.000000 -10.947500
0.000000 9.344140 5.237500


0.000000 9.344140 5.237500
-0.000000 -9.344140 5.237500


-0.000000 -9.344140 5.237500
0.000000 -0.000000 -10.947500


-0.000000 -10.790000 1.865000
9.344140 5.395000 1.865000


9.344140 5.395000 1.865000
-9.344140 5.395000 1.865000


-9.344140 5.395000 1.865000
-0.000000 -10.790000 1.865000


0.000000 -10.790000 1.865000
0.000000 5.395000 -7.479140


0.000000 5.395000 -7.479140
-0.000000 5.395000 11.209140


-0.000000 5.395000 11.209140
0.000000 -10.790000 1.865000


-0.000000 -0.000000 -8.925000
9.344140 -0.000000 7.260000


9.344140 -0.000000 7.260000
-9.344140 0.000000 7.260000


-9.344140 0.000000 7.260000
-0.000000 -0.000000 -8.925000


0.000000 -0.000000 -8.925000
0.000000 9.344140 7.260000


0.000000 9.344140 7.260000
-0.000000 -9.344140 7.260000


-0.000000 -9.344140 7.260000
0.000000 -0.000000 -8.925000


-0.000000 -10.790000 -0.157500
6.607305 5.395000 6.449804


6.607305 5.395000 6.449804
-6.607305 5.395000 -6.764805


-6.607305 5.395000 -6.764805
-0.000000 -10.790000 -0.157500


-0.000000 -7.629682 7.472182
9.344140 3.814841 -3.972341


9.344140 3.814841 -3.972341
-9.344140 3.814841 -3.972341


-9.344140 3.814841 -3.972341
-0.000000 -7.629682 7.472182


-0.000000 -7.629682 7.472182
6.607305 8.486911 0.699729


6.607305 8.486911 0.699729
-6.607305 -0.857229 -8.644411


-6.607305 -0.857229 -8.644411
-0.000000 -7.629682 7.472182


-0.000000 -10.790000 -1.168750
9.344140 5.395000 -1.168750


9.344140 5.395000 -1.168750
-9.344140 5.395000 -1.168750


-9.344140 5.395000 -1.168750
-0.000000 -10.790000 -1.168750


-0.000000 -10.790000 -1.168750
6.607305 5.395000 5.438554


6.607305 5.395000 5.438554
-6.607305 5.395000 -7.776055


-6.607305 5.395000 -7.776055
-0.000000 -10.790000 -1.168750


-0.000000 -7.629682 6.460932
9.344140 3.814841 -4.983591


9.344140 3.814841 -4.983591
-9.344140 3.814841 -4.983591


-9.344140 3.814841 -4.983591
-0.000000 -7.629682 6.460932


-0.000000 -7.629682 6.460932
6.607305 8.486911 -0.311521


6.607305 8.486911 -0.311521
-6.607305 -0.857229 -9.655661


-6.607305 -0.857229 -9.655661
-0.000000 -7.629682 6.460932


0.000000 -10.790000 -0.157500
6.607305 5.395000 -6.764805


6.607305 5.395000 -6.764805
-6.607305 5.395000 6.449804


-6.607305 5.395000 6.449804
0.000000 -10.790000 -0.157500


-0.000000 -7.629682 -7.787182
9.344140 3.814841 3.657341


9.344140 3.814841 3.657341
-9.344140 3.814841 3.657341


-9.344140 3.814841 3.657341
-0.000000 -7.629682 -7.787182


0.000000 -7.629682 -7.787182
6.607305 8.486911 -1.014729


6.607305 8.486911 -1.014729
-6.607305 -0.857229 8.329411


-6.607305 -0.857229 8.329411
0.000000 -7.629682 -7.787182


-0.000000 -10.790000 0.853750
9.344140 5.395000 0.853750


9.344140 5.395000 0.853750
-9.344140 5.395000 0.853750


-9.344140 5.395000 0.853750
-0.000000 -10.790000 0.853750


0.000000 -10.790000 0.853750
6.607305 5.395000 -5.753555


6.607305 5.395000 -5.753555
-6.607305 5.395000 7.461054


-6.607305 5.395000 7.461054
0.000000 -10.790000 0.853750


-0.000000 -7.629682 -6.775932
9.344140 3.814841 4.668591


9.344140 3.814841 4.668591
-9.344140 3.814841 4.668591


-9.344140 3.814841 4.668591
-0.000000 -7.629682 -6.775932


0.000000 -7.629682 -6.775932
6.607305 8.486911 -0.003479


6.607305 8.486911 -0.003479
-6.607305 -0.857229 9.340661


-6.607305 -0.857229 9.340661
0.000000 -7.629682 -6.775932


-0.000000 -10.790000 0.853750
8.632859 5.395000 4.429597


8.632859 5.395000 4.429597
-8.632859 5.395000 -2.722098


-8.632859 5.395000 -2.722098
-0.000000 -10.790000 0.853750


-0.000000 -9.968659 4.982904
9.344140 4.984330 -1.210827


9.344140 4.984330 -1.210827
-9.344140 4.984330 -1.210827


-9.344140 4.984330 -1.210827
-0.000000 -9.968659 4.982904


-0.000000 -9.968659 4.982904
8.632859 6.352747 2.092825


8.632859 6.352747 2.092825
-8.632859 3.615912 -4.514480


-8.632859 3.615912 -4.514480
-0.000000 -9.968659 4.982904


-0.000000 -10.790000 0.348125
9.344140 5.395000 0.348125


9.344140 5.395000 0.348125
-9.344140 5.395000 0.348125


-9.344140 5.395000 0.348125
-0.000000 -10.790000 0.348125


-0.000000 -10.790000 0.348125
8.632859 5.395000 3.923973


8.632859 5.395000 3.923973
-8.632859 5.395000 -3.227723


-8.632859 5.395000 -3.227723
-0.000000 -10.790000 0.348125


-0.000000 -9.968659 4.477279
9.344140 4.984330 -1.716452


9.344140 4.984330 -1.716452
-9.344140 4.984330 -1.716452


-9.344140 4.984330 -1.716452
-0.000000 -9.968659 4.477279


-0.000000 -9.968659 4.477279
8.632859 6.352747 1.587200


8.632859 6.352747 1.587200
-8.632859 3.615912 -5.020104


-8.632859 3.615912 -5.020104
-0.000000 -9.968659 4.477279


-0.000000 -10.790000 0.348125
9.344140 5.395000 0.348125


9.344140 5.395000 0.348125
-9.344140 5.395000 0.348125


-9.344140 5.395000 0.348125
-0.000000 -10.790000 0.348125


-0.000000 -9.968659 -3.781029
8.632859 3.615912 5.716354


8.632859 3.615912 5.716354
-8.632859 6.352747 -0.890950


-8.632859 6.352747 -0.890950
-0.000000 -9.968659 -3.781029


-0.000000 -9.968659 -3.781029
9.344140 4.984330 2.412702


9.344140 4.984330 2.412702
-9.344140 4.984330 2.412702


-9.344140 4.984330 2.412702
-0.000000 -9.968659 -3.781029


-0.000000 -10.790000 0.853750
8.632859 5.395000 4.429597


8.632859 5.395000 4.429597
-8.632859 5.395000 -2.722098


-8.632859 5.395000 -2.722098
-0.000000 -10.790000 0.853750


-0.000000 -10.790000 0.853750
9.344140 5.395000 0.853750


9.344140 5.395000 0.853750
-9.344140 5.395000 0.853750


-9.344140 5.395000 0.853750
-0.000000 -10.790000 0.853750


-0.000000 -9.968659 -3.275404
8.632859 3.615912 6.221979


8.632859 3.615912 6.221979
-8.632859 6.352747 -0.385325


-8.632859 6.352747 -0.385325
-0.000000 -9.968659 -3.275404


-0.000000 -9.968659 -3.275404
9.344140 4.984330 2.918327


9.344140 4.984330 2.918327
-9.344140 4.984330 2.918327


-9.344140 4.984330 2.918327
-0.000000 -9.968659 -3.275404


-0.000000 -10.790000 0.348125
7.769368 5.395000 5.539451


7.769368 5.395000 5.539451
-7.769368 5.395000 -4.843201


-7.769368 5.395000 -4.843201
-0.000000 -10.790000 0.348125


-0.000000 -10.582673 2.453149
8.632859 5.988950 2.802751


8.632859 5.988950 2.802751
-8.632859 4.593723 -4.211526


-8.632859 4.593723 -4.211526
-0.000000 -10.582673 2.453149


-0.000000 -10.582673 2.453149
7.769368 6.304114 4.387189


7.769368 6.304114 4.387189
-7.769368 4.278559 -5.795963


-7.769368 4.278559 -5.795963
-0.000000 -10.582673 2.453149


-0.000000 -10.790000 0.095312
8.632859 5.395000 3.671160


8.632859 5.395000 3.671160
-8.632859 5.395000 -3.480535


-8.632859 5.395000 -3.480535
-0.000000 -10.790000 0.095312


-0.000000 -10.790000 0.095312
7.769368 5.395000 5.286638


7.769368 5.395000 5.286638
-7.769368 5.395000 -5.096014


-7.769368 5.395000 -5.096014
-0.000000 -10.790000 0.095312


-0.000000 -10.582673 2.200337
8.632859 5.988950 2.549939


8.632859 5.988950 2.549939
-8.632859 4.593723 -4.464338


-8.632859 4.593723 -4.464338
-0.000000 -10.582673 2.200337


-0.000000 -10.582673 2.200337
7.769368 6.304114 4.134377


7.769368 6.304114 4.134377
-7.769368 4.278559 -6.048776


-7.769368 4.278559 -6.048776
-0.000000 -10.582673 2.200337


-0.000000 -10.790000 0.348125
9.164595 5.395000 2.171076


9.164595 5.395000 2.171076
-9.164595 5.395000 -1.474826


-9.164595 5.395000 -1.474826
-0.000000 -10.790000 0.348125


-0.000000 -10.582673 -1.756900
8.632859 4.593723 4.907776


8.632859 4.593723 4.907776
-8.632859 5.988950 -2.106502


-8.632859 5.988950 -2.106502
-0.000000 -10.582673 -1.756900


-0.000000 -10.582673 -1.756900
9.164595 4.935696 3.188561


9.164595 4.935696 3.188561
-9.164595 5.646976 -0.387287


-9.164595 5.646976 -0.387287
-0.000000 -10.582673 -1.756900


-0.000000 -10.790000 0.600937
8.632859 5.395000 4.176785


8.632859 5.395000 4.176785
-8.632859 5.395000 -2.974910


-8.632859 5.395000 -2.974910
-0.000000 -10.790000 0.600937


-0.000000 -10.790000 0.600937
9.164595 5.395000 2.423889


9.164595 5.395000 2.423889
-9.164595 5.395000 -1.222014


-9.164595 5.395000 -1.222014
-0.000000 -10.790000 0.600937


-0.000000 -10.582673 -1.504087
8.632859 4.593723 5.160588


8.632859 4.593723 5.160588
-8.632859 5.988950 -1.853689


-8.632859 5.988950 -1.853689
-0.000000 -10.582673 -1.504087


-0.000000 -10.582673 -1.504087
9.164595 4.935696 3.441373


9.164595 4.935696 3.441373
-9.164595 5.646976 -0.134474


-9.164595 5.646976 -0.134474
-0.000000 -10.582673 -1.504087


-0.000000 -10.790000 0.600937
8.240796 5.395000 5.005734


8.240796 5.395000 5.005734
-8.240796 5.395000 -3.803860


-8.240796 5.395000 -3.803860
-0.000000 -10.790000 0.600937


-0.000000 -10.738043 1.658542
8.632859 5.719516 3.630764


8.632859 5.719516 3.630764
-8.632859 5.018527 -3.486494


-8.632859 5.018527 -3.486494
-0.000000 -10.738043 1.658542


-0.000000 -10.738043 1.658542
8.240796 5.800767 4.455722


8.240796 5.800767 4.455722
-8.240796 4.937276 -4.311452


-8.240796 4.937276 -4.311452
-0.000000 -10.738043 1.658542


-0.000000 -10.790000 0.474531
8.632859 5.395000 4.050379


8.632859 5.395000 4.050379
-8.632859 5.395000 -3.101316


-8.632859 5.395000 -3.101316
-0.000000 -10.790000 0.474531


-0.000000 -10.790000 0.474531
8.240796 5.395000 4.879328


8.240796 5.395000 4.879328
-8.240796 5.395000 -3.930266


-8.240796 5.395000 -3.930266
-0.000000 -10.790000 0.474531


-0.000000 -10.738043 1.532136
8.632859 5.719516 3.504358


8.632859 5.719516 3.504358
-8.632859 5.018527 -3.612900


-8.632859 5.018527 -3.612900
-0.000000 -10.738043 1.532136


-0.000000 -10.738043 1.532136
8.240796 5.800767 4.329315


8.240796 5.800767 4.329315
-8.240796 4.937276 -4.437858


-8.240796 4.937276 -4.437858
-0.000000 -10.738043 1.532136


-0.000000 -10.738043 1.532136
8.941785 5.634889 2.645128


8.941785 5.634889 2.645128
-8.941785 5.103154 -2.753670


-8.941785 5.103154 -2.753670
-0.000000 -10.738043 1.532136


-0.000000 -10.790000 0.474531
8.632859 5.395000 4.050379


8.632859 5.395000 4.050379
-8.632859 5.395000 -3.101316


-8.632859 5.395000 -3.101316
-0.000000 -10.790000 0.474531


-0.000000 -10.790000 0.474531
8.941785 5.395000 3.186992


8.941785 5.395000 3.186992
-8.941785 5.395000 -2.237929


-8.941785 5.395000 -2.237929
-0.000000 -10.790000 0.474531


-0.000000 -10.738043 1.658542
8.632859 5.719516 3.630764


8.632859 5.719516 3.630764
-8.632859 5.018527 -3.486494


-8.632859 5.018527 -3.486494
-0.000000 -10.738043 1.658542


-0.000000 -10.738043 1.658542
8.941785 5.634889 2.771534


8.941785 5.634889 2.771534
-8.941785 5.103154 -2.627264


-8.941785 5.103154 -2.627264
-0.000000 -10.738043 1.658542


-0.000000 -10.790000 0.600937
8.632859 5.395000 4.176785


8.632859 5.395000 4.176785
-8.632859 5.395000 -2.974910


-8.632859 5.395000 -2.974910
-0.000000 -10.790000 0.600937


-0.000000 -10.790000 0.600937
8.941785 5.395000 3.313398


8.941785 5.395000 3.313398
-8.941785 5.395000 -2.111523


-8.941785 5.395000 -2.111523
-0.000000 -10.790000 0.600937


-0.000000 -10.738043 1.532136
8.447002 5.760613 3.921626


8.447002 5.760613 3.921626
-8.447002 4.977430 -4.030168


-8.447002 4.977430 -4.030168
-0.000000 -10.738043 1.532136


-0.000000 -10.673215 2.057753
8.632859 5.861293 3.220065


8.632859 5.861293 3.220065
-8.632859 4.811922 -3.854224


-8.632859 4.811922 -3.854224
-0.000000 -10.673215 2.057753


-0.000000 -10.673215 2.057753
8.447002 5.922815 3.634814


8.447002 5.922815 3.634814
-8.447002 4.750399 -4.268973


-8.447002 4.750399 -4.268973
-0.000000 -10.673215 2.057753


-0.000000 -10.738043 1.468933
8.632859 5.719516 3.441154


8.632859 5.719516 3.441154
-8.632859 5.018527 -3.676103


-8.632859 5.018527 -3.676103
-0.000000 -10.738043 1.468933


-0.000000 -10.738043 1.468933
8.447002 5.760613 3.858423


8.447002 5.760613 3.858423
-8.447002 4.977430 -4.093371


-8.447002 4.977430 -4.093371
-0.000000 -10.738043 1.468933


-0.000000 -10.673215 1.994550
8.632859 5.861293 3.156862


8.632859 5.861293 3.156862
-8.632859 4.811922 -3.917427


-8.632859 4.811922 -3.917427
-0.000000 -10.673215 1.994550


-0.000000 -10.673215 1.994550
8.447002 5.922815 3.571610


8.447002 5.922815 3.571610
-8.447002 4.750399 -4.332176


-8.447002 4.750399 -4.332176
-0.000000 -10.673215 1.994550


-0.000000 -10.738043 1.468933
8.632859 5.719516 3.441154


8.632859 5.719516 3.441154
-8.632859 5.018527 -3.676103


-8.632859 5.018527 -3.676103
-0.000000 -10.738043 1.468933


-0.000000 -10.777003 0.940768
8.447002 5.584533 4.136930


8.447002 5.584533 4.136930
-8.447002 5.192470 -3.843714


-8.447002 5.192470 -3.843714
-0.000000 -10.777003 0.940768


-0.000000 -10.777003 0.940768
8.632859 5.563960 3.718148


8.632859 5.563960 3.718148
-8.632859 5.213043 -3.424932


-8.632859 5.213043 -3.424932
-0.000000 -10.777003 0.940768


-0.000000 -10.738043 1.532136
8.447002 5.760613 3.921626


8.447002 5.760613 3.921626
-8.447002 4.977430 -4.030168


-8.447002 4.977430 -4.030168
-0.000000 -10.738043 1.532136


-0.000000 -10.738043 1.532136
8.632859 5.719516 3.504358


8.632859 5.719516 3.504358
-8.632859 5.018527 -3.612900


-8.632859 5.018527 -3.612900
-0.000000 -10.738043 1.532136


-0.000000 -10.777003 1.003971
8.447002 5.584533 4.200133


8.447002 5.584533 4.200133
-8.447002 5.192470 -3.780511


-8.447002 5.192470 -3.780511
-0.000000 -10.777003 1.003971


-0.000000 -10.777003 1.003971
8.632859 5.563960 3.781351


8.632859 5.563960 3.781351
-8.632859 5.213043 -3.361729


-8.632859 5.213043 -3.361729
-0.000000 -10.777003 1.003971


-0.000000 -10.738043 1.468933
8.346413 5.780814 4.063527


8.346413 5.780814 4.063527
-8.346413 4.957229 -4.298476


-8.346413 4.957229 -4.298476
-0.000000 -10.738043 1.468933


-0.000000 -10.708855 1.732139
8.447002 5.843474 3.716012


8.447002 5.843474 3.716012
-8.447002 4.865380 -4.214167


-8.447002 4.865380 -4.214167
-0.000000 -10.708855 1.732139


-0.000000 -10.708855 1.732139
8.346413 5.868703 3.920559


8.346413 5.868703 3.920559
-8.346413 4.840152 -4.418714


-8.346413 4.840152 -4.418714
-0.000000 -10.708855 1.732139


-0.000000 -10.738043 1.437331
8.447002 5.760613 3.826821


8.447002 5.760613 3.826821
-8.447002 4.977430 -4.124973


-8.447002 4.977430 -4.124973
-0.000000 -10.738043 1.437331


-0.000000 -10.738043 1.437331
8.346413 5.780814 4.031925


8.346413 5.780814 4.031925
-8.346413 4.957229 -4.330078


-8.346413 4.957229 -4.330078
-0.000000 -10.738043 1.437331


-0.000000 -10.708855 1.700538
8.447002 5.843474 3.684410


8.447002 5.843474 3.684410
-8.447002 4.865380 -4.245769


-8.447002 4.865380 -4.245769
-0.000000 -10.708855 1.700538


-0.000000 -10.708855 1.700538
8.346413 5.868703 3.888957


8.346413 5.868703 3.888957
-8.346413 4.840152 -4.450315


-8.346413 4.840152 -4.450315
-0.000000 -10.708855 1.700538


-0.000000 -10.738043 1.437331
8.542504 5.740176 3.619322


8.542504 5.740176 3.619322
-8.542504 4.997867 -3.917474


-8.542504 4.997867 -3.917474
-0.000000 -10.738043 1.437331


-0.000000 -10.760764 1.173488
8.447002 5.674282 3.967155


8.447002 5.674282 3.967155
-8.447002 5.086482 -4.001464


-8.447002 5.086482 -4.001464
-0.000000 -10.760764 1.173488


-0.000000 -10.760764 1.173488
8.542504 5.658944 3.759217


8.542504 5.658944 3.759217
-8.542504 5.101820 -3.793526


-8.542504 5.101820 -3.793526
-0.000000 -10.760764 1.173488


-0.000000 -10.738043 1.468933
8.447002 5.760613 3.858422


8.447002 5.760613 3.858422
-8.447002 4.977430 -4.093371


-8.447002 4.977430 -4.093371
-0.000000 -10.738043 1.468933


-0.000000 -10.738043 1.468933
8.542504 5.740176 3.650923


8.542504 5.740176 3.650923
-8.542504 4.997867 -3.885872


-8.542504 4.997867 -3.885872
-0.000000 -10.738043 1.468933


-0.000000 -10.760764 1.205090
8.447002 5.674282 3.998756


8.447002 5.674282 3.998756
-8.447002 5.086482 -3.969862


-8.447002 5.086482 -3.969862
-0.000000 -10.760764 1.205090


-0.000000 -10.760764 1.205090
8.542504 5.658944 3.790819


8.542504 5.658944 3.790819
-8.542504 5.101820 -3.761924


-8.542504 5.101820 -3.761924
-0.000000 -10.760764 1.205090


-0.000000 -10.738043 1.437331
8.495393 5.750423 3.723363


8.495393 5.750423 3.723363
-8.495393 4.987619 -4.021515


-8.495393 4.987619 -4.021515
-0.000000 -10.738043 1.437331


-0.000000 -10.724257 1.569024
8.542504 5.779499 3.548637


8.542504 5.779499 3.548637
-8.542504 4.944757 -3.978482


-8.542504 4.944757 -3.978482
-0.000000 -10.724257 1.569024


-0.000000 -10.724257 1.569024
8.495393 5.791022 3.652544


8.495393 5.791022 3.652544
-8.495393 4.933234 -4.082389


-8.495393 4.933234 -4.082389
-0.000000 -10.724257 1.569024


-0.000000 -10.738043 1.421530
8.542504 5.740176 3.603521


8.542504 5.740176 3.603521
-8.542504 4.997867 -3.933275


-8.542504 4.997867 -3.933275
-0.000000 -10.738043 1.421530


-0.000000 -10.738043 1.421530
8.495393 5.750423 3.707562


8.495393 5.750423 3.707562
-8.495393 4.987619 -4.037316


-8.495393 4.987619 -4.037316
-0.000000 -10.738043 1.421530


-0.000000 -10.724257 1.553223
8.542504 5.779499 3.532836


8.542504 5.779499 3.532836
-8.542504 4.944757 -3.994282


-8.542504 4.944757 -3.994282
-0.000000 -10.724257 1.553223


-0.000000 -10.724257 1.553223
8.495393 5.791022 3.636744


8.495393 5.791022 3.636744
-8.495393 4.933234 -4.098190


-8.495393 4.933234 -4.098190
-0.000000 -10.724257 1.553223


-0.000000 -10.738043 1.421530
8.588328 5.729873 3.498913


8.588328 5.729873 3.498913
-8.588328 5.008170 -3.828666


-8.588328 5.008170 -3.828666
-0.000000 -10.738043 1.421530


-0.000000 -10.750213 1.289679
8.542504 5.699989 3.673718


8.542504 5.699989 3.673718
-8.542504 5.050224 -3.871619


-8.542504 5.050224 -3.871619
-0.000000 -10.750213 1.289679


-0.000000 -10.750213 1.289679
8.588328 5.690971 3.568991


8.588328 5.690971 3.568991
-8.588328 5.059242 -3.766893


-8.588328 5.059242 -3.766893
-0.000000 -10.750213 1.289679


-0.000000 -10.738043 1.437331
8.542504 5.740176 3.619322


8.542504 5.740176 3.619322
-8.542504 4.997867 -3.917474


-8.542504 4.997867 -3.917474
-0.000000 -10.738043 1.437331


-0.000000 -10.738043 1.437331
8.588328 5.729873 3.514713


8.588328 5.729873 3.514713
-8.588328 5.008170 -3.812865


-8.588328 5.008170 -3.812865
-0.000000 -10.738043 1.437331


-0.000000 -10.750213 1.305479
8.542504 5.699989 3.689519


8.542504 5.699989 3.689519
-8.542504 5.050224 -3.855819


-8.542504 5.050224 -3.855819
-0.000000 -10.750213 1.305479


-0.000000 -10.750213 1.305479
8.588328 5.690971 3.584792


8.588328 5.690971 3.584792
-8.588328 5.059242 -3.751092


-8.588328 5.059242 -3.751092
-0.000000 -10.750213 1.305479


-0.000000 -10.750213 1.289679
8.519109 5.704480 3.725870


8.519109 5.704480 3.725870
-8.519109 5.045732 -3.923771


-8.519109 5.045732 -3.923771
-0.000000 -10.750213 1.289679


-0.000000 -10.744330 1.355623
8.542504 5.720191 3.638681


8.542504 5.720191 3.638681
-8.542504 5.024140 -3.902528


-8.542504 5.024140 -3.902528
-0.000000 -10.744330 1.355623


-0.000000 -10.744330 1.355623
8.519109 5.725001 3.690804


8.519109 5.725001 3.690804
-8.519109 5.019329 -3.954651


-8.519109 5.019329 -3.954651
-0.000000 -10.744330 1.355623


-0.000000 -10.750213 1.281778
8.542504 5.699989 3.665817


8.542504 5.699989 3.665817
-8.542504 5.050224 -3.879520


-8.542504 5.050224 -3.879520
-0.000000 -10.750213 1.281778


-0.000000 -10.750213 1.281778
8.519109 5.704480 3.717969


8.519109 5.704480 3.717969
-8.519109 5.045732 -3.931672


-8.519109 5.045732 -3.931672
-0.000000 -10.750213 1.281778


-0.000000 -10.744330 1.347723
8.542504 5.720191 3.630781


8.542504 5.720191 3.630781
-8.542504 5.024140 -3.910428


-8.542504 5.024140 -3.910428
-0.000000 -10.744330 1.347723


-0.000000 -10.744330 1.347723
8.519109 5.725001 3.682904


8.519109 5.725001 3.682904
-8.519109 5.019329 -3.962551


-8.519109 5.019329 -3.962551
-0.000000 -10.744330 1.347723


-0.000000 -10.750213 1.281778
8.542504 5.699989 3.665817


8.542504 5.699989 3.665817
-8.542504 5.050224 -3.879520


-8.542504 5.050224 -3.879520
-0.000000 -10.750213 1.281778


-0.000000 -10.755691 1.215799
8.519109 5.683744 3.752908


8.519109 5.683744 3.752908
-8.519109 5.071946 -3.900631


-8.519109 5.071946 -3.900631
-0.000000 -10.755691 1.215799


-0.000000 -10.755691 1.215799
8.542504 5.679574 3.700730


8.542504 5.679574 3.700730
-8.542504 5.076118 -3.848453


-8.542504 5.076118 -3.848453
-0.000000 -10.755691 1.215799


-0.000000 -10.750213 1.289679
8.519109 5.704480 3.725870


8.519109 5.704480 3.725870
-8.519109 5.045732 -3.923771


-8.519109 5.045732 -3.923771
-0.000000 -10.750213 1.289679


-0.000000 -10.750213 1.289679
8.542504 5.699989 3.673718


8.542504 5.699989 3.673718
-8.542504 5.050224 -3.871619


-8.542504 5.050224 -3.871619
-0.000000 -10.750213 1.289679


-0.000000 -10.755691 1.223699
8.519109 5.683744 3.760808


8.519109 5.683744 3.760808
-8.519109 5.071946 -3.892730


-8.519109 5.071946 -3.892730
-0.000000 -10.755691 1.223699


-0.000000 -10.755691 1.223699
8.542504 5.679574 3.708630


8.542504 5.679574 3.708630
-8.542504 5.076118 -3.840552


-8.542504 5.076118 -3.840552
-0.000000 -10.755691 1.223699


-0.000000 -10.750213 1.281778
8.507291 5.706721 3.743991


8.507291 5.706721 3.743991
-8.507291 5.043492 -3.957694


-8.507291 5.043492 -3.957694
-0.000000 -10.750213 1.281778


-0.000000 -10.747322 1.314755
8.519109 5.714768 3.700452


8.519109 5.714768 3.700452
-8.519109 5.032555 -3.947132


-8.519109 5.032555 -3.947132
-0.000000 -10.747322 1.314755


-0.000000 -10.747322 1.314755
8.507291 5.717089 3.726467


8.507291 5.717089 3.726467
-8.507291 5.030234 -3.973146


-8.507291 5.030234 -3.973146
-0.000000 -10.747322 1.314755


-0.000000 -10.750213 1.277828
8.519109 5.704480 3.714019


8.519109 5.704480 3.714019
-8.519109 5.045732 -3.935622


-8.519109 5.045732 -3.935622
-0.000000 -10.750213 1.277828


-0.000000 -10.750213 1.277828
8.507291 5.706721 3.740041


8.507291 5.706721 3.740041
-8.507291 5.043492 -3.961644


-8.507291 5.043492 -3.961644
-0.000000 -10.750213 1.277828


-0.000000 -10.747322 1.310805
8.519109 5.714768 3.696502


8.519109 5.714768 3.696502
-8.519109 5.032555 -3.951082


-8.519109 5.032555 -3.951082
-0.000000 -10.747322 1.310805


-0.000000 -10.747322 1.310805
8.507291 5.717089 3.722517


8.507291 5.717089 3.722517
-8.507291 5.030234 -3.977097


-8.507291 5.030234 -3.977097
-0.000000 -10.747322 1.310805


-0.000000 -10.747322 1.310805
8.530847 5.712444 3.670451


8.530847 5.712444 3.670451
-8.530847 5.034878 -3.925031


-8.530847 5.034878 -3.925031
-0.000000 -10.747322 1.310805


-0.000000 -10.750213 1.277828
8.519109 5.704480 3.714019


8.519109 5.704480 3.714019
-8.519109 5.045732 -3.935622


-8.519109 5.045732 -3.935622
-0.000000 -10.750213 1.277828


-0.000000 -10.750213 1.277828
8.530847 5.702237 3.687961


8.530847 5.702237 3.687961
-8.530847 5.047976 -3.909564


-8.530847 5.047976 -3.909564
-0.000000 -10.750213 1.277828


-0.000000 -10.747322 1.314755
8.519109 5.714768 3.700452


8.519109 5.714768 3.700452
-8.519109 5.032555 -3.947132


-8.519109 5.032555 -3.947132
-0.000000 -10.747322 1.314755


-0.000000 -10.747322 1.314755
8.530847 5.712444 3.674401


8.530847 5.712444 3.674401
-8.530847 5.034878 -3.921081


-8.530847 5.034878 -3.921081
-0.000000 -10.747322 1.314755


-0.000000 -10.750213 1.281778
8.519109 5.704480 3.717969


8.519109 5.704480 3.717969
-8.519109 5.045732 -3.931672


-8.519109 5.045732 -3.931672
-0.000000 -10.750213 1.281778


-0.000000 -10.750213 1.281778
8.530847 5.702237 3.691911


8.530847 5.702237 3.691911
-8.530847 5.047976 -3.905614


-8.530847 5.047976 -3.905614
-0.000000 -10.750213 1.281778


-0.000000 -10.747322 1.310805
8.524987 5.713606 3.683481


8.524987 5.713606 3.683481
-8.524987 5.033716 -3.938061


-8.524987 5.033716 -3.938061
-0.000000 -10.747322 1.310805


-0.000000 -10.745839 1.327290
8.530847 5.717527 3.661685


8.530847 5.717527 3.661685
-8.530847 5.028312 -3.932749


-8.530847 5.028312 -3.932749
-0.000000 -10.745839 1.327290


-0.000000 -10.745839 1.327290
8.524987 5.718710 3.674713


8.524987 5.718710 3.674713
-8.524987 5.027129 -3.945777


-8.524987 5.027129 -3.945777
-0.000000 -10.745839 1.327290


-0.000000 -10.747322 1.308830
8.530847 5.712444 3.668476


8.530847 5.712444 3.668476
-8.530847 5.034878 -3.927006


-8.530847 5.034878 -3.927006
-0.000000 -10.747322 1.308830


-0.000000 -10.747322 1.308830
8.524987 5.713606 3.681506


8.524987 5.713606 3.681506
-8.524987 5.033716 -3.940036


-8.524987 5.033716 -3.940036
-0.000000 -10.747322 1.308830


-0.000000 -10.745839 1.325315
8.530847 5.717527 3.659709


8.530847 5.717527 3.659709
-8.530847 5.028312 -3.934724


-8.530847 5.028312 -3.934724
-0.000000 -10.745839 1.325315


-0.000000 -10.745839 1.325315
8.524987 5.718710 3.672738


8.524987 5.718710 3.672738
-8.524987 5.027129 -3.947752


-8.524987 5.027129 -3.947752
-0.000000 -10.745839 1.325315


-0.000000 -10.747322 1.308830
8.536685 5.711281 3.655437


8.536685 5.711281 3.655437
-8.536685 5.036042 -3.913967


-8.536685 5.036042 -3.913967
-0.000000 -10.747322 1.308830


-0.000000 -10.748780 1.292342
8.530847 5.707347 3.677235


8.530847 5.707347 3.677235
-8.530847 5.041433 -3.919277


-8.530847 5.041433 -3.919277
-0.000000 -10.748780 1.292342


-0.000000 -10.748780 1.292342
8.536685 5.706203 3.664194


8.536685 5.706203 3.664194
-8.536685 5.042577 -3.906237


-8.536685 5.042577 -3.906237
-0.000000 -10.748780 1.292342


-0.000000 -10.747322 1.310805
8.530847 5.712444 3.670451


8.530847 5.712444 3.670451
-8.530847 5.034878 -3.925031


-8.530847 5.034878 -3.925031
-0.000000 -10.747322 1.310805


-0.000000 -10.747322 1.310805
8.536685 5.711281 3.657412


8.536685 5.711281 3.657412
-8.536685 5.036042 -3.911992


-8.536685 5.036042 -3.911992
-0.000000 -10.747322 1.310805


-0.000000 -10.748780 1.294317
8.530847 5.707347 3.679210


8.530847 5.707347 3.679210
-8.530847 5.041433 -3.917302


-8.530847 5.041433 -3.917302
-0.000000 -10.748780 1.294317


-0.000000 -10.748780 1.294317
8.536685 5.706203 3.666169


8.536685 5.706203 3.666169
-8.536685 5.042577 -3.904262


-8.536685 5.042577 -3.904262
-0.000000 -10.748780 1.294317


-0.000000 -10.747322 1.308830
8.527920 5.713025 3.674992


8.527920 5.713025 3.674992
-8.527920 5.034297 -3.933522


-8.527920 5.034297 -3.933522
-0.000000 -10.747322 1.308830


-0.000000 -10.746584 1.317073
8.530847 5.714987 3.664094


8.530847 5.714987 3.664094
-8.530847 5.031597 -3.930866


-8.530847 5.031597 -3.930866
-0.000000 -10.746584 1.317073


-0.000000 -10.746584 1.317073
8.527920 5.715574 3.670609


8.527920 5.715574 3.670609
-8.527920 5.031010 -3.937382


-8.527920 5.031010 -3.937382
-0.000000 -10.746584 1.317073


-0.000000 -10.747322 1.307842
8.530847 5.712444 3.667489


8.530847 5.712444 3.667489
-8.530847 5.034878 -3.927993


-8.530847 5.034878 -3.927993
-0.000000 -10.747322 1.307842


-0.000000 -10.747322 1.307842
8.527920 5.713025 3.674005


8.527920 5.713025 3.674005
-8.527920 5.034297 -3.934509


-8.527920 5.034297 -3.934509
-0.000000 -10.747322 1.307842


-0.000000 -10.746584 1.316085
8.530847 5.714987 3.663106


8.530847 5.714987 3.663106
-8.530847 5.031597 -3.931854


-8.530847 5.031597 -3.931854
-0.000000 -10.746584 1.316085


-0.000000 -10.746584 1.316085
8.527920 5.715574 3.669622


8.527920 5.715574 3.669622
-8.527920 5.031010 -3.938370


-8.527920 5.031010 -3.938370
-0.000000 -10.746584 1.316085


-0.000000 -10.747322 1.307842
8.533769 5.711863 3.660970


8.533769 5.711863 3.660970
-8.533769 5.035460 -3.921475


-8.533769 5.035460 -3.921475
-0.000000 -10.747322 1.307842


-0.000000 -10.748055 1.299599
8.530847 5.709897 3.671869


8.530847 5.709897 3.671869
-8.530847 5.038157 -3.924130


-8.530847 5.038157 -3.924130
-0.000000 -10.748055 1.299599


-0.000000 -10.748055 1.299599
8.533769 5.709321 3.665350


8.533769 5.709321 3.665350
-8.533769 5.038734 -3.917612


-8.533769 5.038734 -3.917612
-0.000000 -10.748055 1.299599


-0.000000 -10.747322 1.308830
8.530847 5.712444 3.668476


8.530847 5.712444 3.668476
-8.530847 5.034878 -3.927006


-8.530847 5.034878 -3.927006
-0.000000 -10.747322 1.308830


-0.000000 -10.747322 1.308830
8.533769 5.711863 3.661958


8.533769 5.711863 3.661958
-8.533769 5.035460 -3.920487


-8.533769 5.035460 -3.920487
-0.000000 -10.747322 1.308830


-0.000000 -10.748055 1.300586
8.530847 5.709897 3.672857


8.530847 5.709897 3.672857
-8.530847 5.038157 -3.923143


-8.530847 5.038157 -3.923143
-0.000000 -10.748055 1.300586


-0.000000 -10.748055 1.300586
8.533769 5.709321 3.666338


8.533769 5.709321 3.666338
-8.533769 5.038734 -3.916624


-8.533769 5.038734 -3.916624
-0.000000 -10.748055 1.300586


-0.000000 -10.748055 1.299599
8.529384 5.710186 3.675128


8.529384 5.710186 3.675128
-8.529384 5.037869 -3.927389


-8.529384 5.037869 -3.927389
-0.000000 -10.748055 1.299599


-0.000000 -10.747689 1.303721
8.530847 5.711171 3.669679


8.530847 5.711171 3.669679
-8.530847 5.036519 -3.926063


-8.530847 5.036519 -3.926063
-0.000000 -10.747689 1.303721


-0.000000 -10.747689 1.303721
8.529384 5.711461 3.672937


8.529384 5.711461 3.672937
-8.529384 5.036229 -3.929321


-8.529384 5.036229 -3.929321
-0.000000 -10.747689 1.303721


-0.000000 -10.748055 1.299105
8.530847 5.709897 3.671375


8.530847 5.709897 3.671375
-8.530847 5.038157 -3.924624


-8.530847 5.038157 -3.924624
-0.000000 -10.748055 1.299105


-0.000000 -10.748055 1.299105
8.529384 5.710186 3.674634


8.529384 5.710186 3.674634
-8.529384 5.037869 -3.927883


-8.529384 5.037869 -3.927883
-0.000000 -10.748055 1.299105


-0.000000 -10.747689 1.303227
8.530847 5.711171 3.669185


8.530847 5.711171 3.669185
-8.530847 5.036519 -3.926557


-8.530847 5.036519 -3.926557
-0.000000 -10.747689 1.303227


-0.000000 -10.747689 1.303227
8.529384 5.711461 3.672443


8.529384 5.711461 3.672443
-8.529384 5.036229 -3.929815


-8.529384 5.036229 -3.929815
-0.000000 -10.747689 1.303227


-0.000000 -10.748055 1.299105
8.532308 5.709609 3.668116


8.532308 5.709609 3.668116
-8.532308 5.038446 -3.921365


-8.532308 5.038446 -3.921365
-0.000000 -10.748055 1.299105


-0.000000 -10.748418 1.294983
8.530847 5.708622 3.673564


8.530847 5.708622 3.673564
-8.530847 5.039796 -3.922692


-8.530847 5.039796 -3.922692
-0.000000 -10.748418 1.294983


-0.000000 -10.748418 1.294983
8.532308 5.708335 3.670305


8.532308 5.708335 3.670305
-8.532308 5.040083 -3.919433


-8.532308 5.040083 -3.919433
-0.000000 -10.748418 1.294983


-0.000000 -10.748055 1.299599
8.530847 5.709897 3.671869


8.530847 5.709897 3.671869
-8.530847 5.038157 -3.924130


-8.530847 5.038157 -3.924130
-0.000000 -10.748055 1.299599


-0.000000 -10.748055 1.299599
8.532308 5.709609 3.668610


8.532308 5.709609 3.668610
-8.532308 5.038446 -3.920871


-8.532308 5.038446 -3.920871
-0.000000 -10.748055 1.299599


-0.000000 -10.748418 1.295477
8.530847 5.708622 3.674058


8.530847 5.708622 3.674058
-8.530847 5.039796 -3.922198


-8.530847 5.039796 -3.922198
-0.000000 -10.748418 1.295477


-0.000000 -10.748418 1.295477
8.532308 5.708335 3.670799


8.532308 5.708335 3.670799
-8.532308 5.040083 -3.918939


-8.532308 5.040083 -3.918939
-0.000000 -10.748418 1.295477


-0.000000 -10.748055 1.299105
8.530115 5.710042 3.673005


8.530115 5.710042 3.673005
-8.530115 5.038013 -3.926254


-8.530115 5.038013 -3.926254
-0.000000 -10.748055 1.299105


-0.000000 -10.747872 1.301166
8.530847 5.710534 3.670280


8.530847 5.710534 3.670280
-8.530847 5.037338 -3.925591


-8.530847 5.037338 -3.925591
-0.000000 -10.747872 1.301166


-0.000000 -10.747872 1.301166
8.530115 5.710679 3.671910


8.530115 5.710679 3.671910
-8.530115 5.037193 -3.927220


-8.530115 5.037193 -3.927220
-0.000000 -10.747872 1.301166


-0.000000 -10.748055 1.298858
8.530847 5.709897 3.671128


8.530847 5.709897 3.671128
-8.530847 5.038157 -3.924871


-8.530847 5.038157 -3.924871
-0.000000 -10.748055 1.298858


-0.000000 -10.748055 1.298858
8.530115 5.710042 3.672758


8.530115 5.710042 3.672758
-8.530115 5.038013 -3.926501


-8.530115 5.038013 -3.926501
-0.000000 -10.748055 1.298858


-0.000000 -10.747872 1.300919
8.530847 5.710534 3.670033


8.530847 5.710534 3.670033
-8.530847 5.037338 -3.925837


-8.530847 5.037338 -3.925837
-0.000000 -10.747872 1.300919


-0.000000 -10.747872 1.300919
8.530115 5.710679 3.671663


8.530115 5.710679 3.671663
-8.530115 5.037193 -3.927467


-8.530115 5.037193 -3.927467
-0.000000 -10.747872 1.300919


-0.000000 -10.747872 1.300919
8.531577 5.710390 3.668404


8.531577 5.710390 3.668404
-8.531577 5.037482 -3.924208


-8.531577 5.037482 -3.924208
-0.000000 -10.747872 1.300919


-0.000000 -10.748055 1.298858
8.530847 5.709897 3.671128


8.530847 5.709897 3.671128
-8.530847 5.038157 -3.924871


-8.530847 5.038157 -3.924871
-0.000000 -10.748055 1.298858


-0.000000 -10.748055 1.298858
8.531577 5.709753 3.669499


8.531577 5.709753 3.669499
-8.531577 5.038301 -3.923242


-8.531577 5.038301 -3.923242
-0.000000 -10.748055 1.298858


-0.000000 -10.747872 1.301166
8.530847 5.710534 3.670280


8.530847 5.710534 3.670280
-8.530847 5.037338 -3.925591


-8.530847 5.037338 -3.925591
-0.000000 -10.747872 1.301166


-0.000000 -10.747872 1.301166
8.531577 5.710390 3.668651


8.531577 5.710390 3.668651
-8.531577 5.037482 -3.923961


-8.531577 5.037482 -3.923961
-0.000000 -10.747872 1.301166


-0.000000 -10.748055 1.299105
8.530847 5.709897 3.671375


8.530847 5.709897 3.671375
-8.530847 5.038157 -3.924624


-8.530847 5.038157 -3.924624
-0.000000 -10.748055 1.299105


-0.000000 -10.748055 1.299105
8.531577 5.709753 3.669746


8.531577 5.709753 3.669746
-8.531577 5.038301 -3.922995


-8.531577 5.038301 -3.922995
-0.000000 -10.748055 1.299105


-0.000000 -10.747872 1.300919
8.530480 5.710607 3.670848


8.530480 5.710607 3.670848
-8.530480 5.037266 -3.926652


-8.530480 5.037266 -3.926652
-0.000000 -10.747872 1.300919


-0.000000 -10.747781 1.301950
8.530847 5.710853 3.669486


8.530847 5.710853 3.669486
-8.530847 5.036928 -3.926320


-8.530847 5.036928 -3.926320
-0.000000 -10.747781 1.301950


-0.000000 -10.747781 1.301950
8.530480 5.710925 3.670300


8.530480 5.710925 3.670300
-8.530480 5.036856 -3.927135


-8.530480 5.036856 -3.927135
-0.000000 -10.747781 1.301950


-0.000000 -10.747872 1.300796
8.530847 5.710534 3.669910


8.530847 5.710534 3.669910
-8.530847 5.037338 -3.925961


-8.530847 5.037338 -3.925961
-0.000000 -10.747872 1.300796


-0.000000 -10.747872 1.300796
8.530480 5.710607 3.670724


8.530480 5.710607 3.670724
-8.530480 5.037266 -3.926775


-8.530480 5.037266 -3.926775
-0.000000 -10.747872 1.300796


-0.000000 -10.747781 1.301826
8.530847 5.710853 3.669362


8.530847 5.710853 3.669362
-8.530847 5.036928 -3.926444


-8.530847 5.036928 -3.926444
-0.000000 -10.747781 1.301826


-0.000000 -10.747781 1.301826
8.530480 5.710925 3.670177


8.530480 5.710925 3.670177
-8.530480 5.036856 -3.927258


-8.530480 5.036856 -3.927258
-0.000000 -10.747781 1.301826


-0.000000 -10.747781 1.301826
8.530847 5.710853 3.669362


8.530847 5.710853 3.669362
-8.530847 5.036928 -3.926444


-8.530847 5.036928 -3.926444
-0.000000 -10.747781 1.301826


-0.000000 -10.747872 1.300796
8.530480 5.710607 3.670724


8.530480 5.710607 3.670724
-8.530480 5.037266 -3.926775


-8.530480 5.037266 -3.926775
-0.000000 -10.747872 1.300796


-0.000000 -10.747872 1.300796
8.530847 5.710534 3.669910


8.530847 5.710534 3.669910
-8.530847 5.037338 -3.925961


-8.530847 5.037338 -3.925961
-0.000000 -10.747872 1.300796


-0.000000 -10.747781 1.301950
8.530480 5.710925 3.670300


8.530480 5.710925 3.670300
-8.530480 5.036856 -3.927135


-8.530480 5.036856 -3.927135
-0.000000 -10.747781 1.301950


-0.000000 -10.747781 1.301950
8.530847 5.710853 3.669486


8.530847 5.710853 3.669486
-8.530847 5.036928 -3.926320


-8.530847 5.036928 -3.926320
-0.000000 -10.747781 1.301950


-0.000000 -10.747872 1.300919
8.530480 5.710607 3.670848


8.530480 5.710607 3.670848
-8.530480 5.037266 -3.926652


-8.530480 5.037266 -3.926652
-0.000000 -10.747872 1.300919


-0.000000 -10.747872 1.300919
8.530847 5.710534 3.670033


8.530847 5.710534 3.670033
-8.530847 5.037338 -3.925837


-8.530847 5.037338 -3.925837
-0.000000 -10.747872 1.300919


-0.000000 -10.747781 1.301826
8.530298 5.710961 3.670584


8.530298 5.710961 3.670584
-8.530298 5.036820 -3.927665


-8.530298 5.036820 -3.927665
-0.000000 -10.747781 1.301826


-0.000000 -10.747735 1.302341
8.530480 5.711084 3.669903


8.530480 5.711084 3.669903
-8.530480 5.036651 -3.927500


-8.530480 5.036651 -3.927500
-0.000000 -10.747735 1.302341


-0.000000 -10.747735 1.302341
8.530298 5.711120 3.670310


8.530298 5.711120 3.670310
-8.530298 5.036615 -3.927907


-8.530298 5.036615 -3.927907
-0.000000 -10.747735 1.302341


-0.000000 -10.747781 1.301764
8.530480 5.710925 3.670115


8.530480 5.710925 3.670115
-8.530480 5.036856 -3.927320


-8.530480 5.036856 -3.927320
-0.000000 -10.747781 1.301764


-0.000000 -10.747781 1.301764
8.530298 5.710961 3.670522


8.530298 5.710961 3.670522
-8.530298 5.036820 -3.927727


-8.530298 5.036820 -3.927727
-0.000000 -10.747781 1.301764


-0.000000 -10.747735 1.302280
8.530480 5.711084 3.669842


8.530480 5.711084 3.669842
-8.530480 5.036651 -3.927561


-8.530480 5.036651 -3.927561
-0.000000 -10.747735 1.302280


-0.000000 -10.747735 1.302280
8.530298 5.711120 3.670249


8.530298 5.711120 3.670249
-8.530298 5.036615 -3.927969


-8.530298 5.036615 -3.927969
-0.000000 -10.747735 1.302280


-0.000000 -10.747781 1.301764
8.530663 5.710889 3.669708


8.530663 5.710889 3.669708
-8.530663 5.036892 -3.926913


-8.530663 5.036892 -3.926913
-0.000000 -10.747781 1.301764


-0.000000 -10.747827 1.301249
8.530480 5.710765 3.670389


8.530480 5.710765 3.670389
-8.530480 5.037061 -3.927079


-8.530480 5.037061 -3.927079
-0.000000 -10.747827 1.301249


-0.000000 -10.747827 1.301249
8.530663 5.710730 3.669982


8.530663 5.710730 3.669982
-8.530663 5.037097 -3.926671


-8.530663 5.037097 -3.926671
-0.000000 -10.747827 1.301249


-0.000000 -10.747781 1.301826
8.530480 5.710925 3.670177


8.530480 5.710925 3.670177
-8.530480 5.036856 -3.927258


-8.530480 5.036856 -3.927258
-0.000000 -10.747781 1.301826


-0.000000 -10.747781 1.301826
8.530663 5.710889 3.669770


8.530663 5.710889 3.669770
-8.530663 5.036892 -3.926851


-8.530663 5.036892 -3.926851
-0.000000 -10.747781 1.301826


-0.000000 -10.747827 1.301311
8.530480 5.710765 3.670451


8.530480 5.710765 3.670451
-8.530480 5.037061 -3.927017


-8.530480 5.037061 -3.927017
-0.000000 -10.747827 1.301311


-0.000000 -10.747827 1.301311
8.530663 5.710730 3.670043


8.530663 5.710730 3.670043
-8.530663 5.037097 -3.926609


-8.530663 5.037097 -3.926609
-0.000000 -10.747827 1.301311


-0.000000 -10.747781 1.301764
8.530390 5.710943 3.670319


8.530390 5.710943 3.670319
-8.530390 5.036838 -3.927524


-8.530390 5.036838 -3.927524
-0.000000 -10.747781 1.301764


-0.000000 -10.747758 1.302022
8.530480 5.711004 3.669978


8.530480 5.711004 3.669978
-8.530480 5.036753 -3.927441


-8.530480 5.036753 -3.927441
-0.000000 -10.747758 1.302022


-0.000000 -10.747758 1.302022
8.530390 5.711022 3.670182


8.530390 5.711022 3.670182
-8.530390 5.036735 -3.927644


-8.530390 5.036735 -3.927644
-0.000000 -10.747758 1.302022


-0.000000 -10.747781 1.301733
8.530480 5.710925 3.670084


8.530480 5.710925 3.670084
-8.530480 5.036856 -3.927351


-8.530480 5.036856 -3.927351
-0.000000 -10.747781 1.301733


-0.000000 -10.747781 1.301733
8.530390 5.710943 3.670288


8.530390 5.710943 3.670288
-8.530390 5.036838 -3.927554


-8.530390 5.036838 -3.927554
-0.000000 -10.747781 1.301733


-0.000000 -10.747758 1.301991
8.530480 5.711004 3.669947


8.530480 5.711004 3.669947
-8.530480 5.036753 -3.927471


-8.530480 5.036753 -3.927471
-0.000000 -10.747758 1.301991


-0.000000 -10.747758 1.301991
8.530390 5.711022 3.670151


8.530390 5.711022 3.670151
-8.530390 5.036735 -3.927675


-8.530390 5.036735 -3.927675
-0.000000 -10.747758 1.301991


-0.000000 -10.747781 1.301733
8.530573 5.710907 3.669881


8.530573 5.710907 3.669881
-8.530573 5.036874 -3.927147


-8.530573 5.036874 -3.927147
-0.000000 -10.747781 1.301733


-0.000000 -10.747804 1.301476
8.530480 5.710845 3.670221


8.530480 5.710845 3.670221
-8.530480 5.036958 -3.927230


-8.530480 5.036958 -3.927230
-0.000000 -10.747804 1.301476


-0.000000 -10.747804 1.301476
8.530573 5.710827 3.670018


8.530573 5.710827 3.670018
-8.530573 5.036976 -3.927027


-8.530573 5.036976 -3.927027
-0.000000 -10.747804 1.301476


-0.000000 -10.747781 1.301764
8.530480 5.710925 3.670115


8.530480 5.710925 3.670115
-8.530480 5.036856 -3.927320


-8.530480 5.036856 -3.927320
-0.000000 -10.747781 1.301764


-0.000000 -10.747781 1.301764
8.530573 5.710907 3.669912


8.530573 5.710907 3.669912
-8.530573 5.036874 -3.927116


-8.530573 5.036874 -3.927116
-0.000000 -10.747781 1.301764


-0.000000 -10.747804 1.301507
8.530480 5.710845 3.670252


8.530480 5.710845 3.670252
-8.530480 5.036958 -3.927199


-8.530480 5.036958 -3.927199
-0.000000 -10.747804 1.301507


-0.000000 -10.747804 1.301507
8.530573 5.710827 3.670048


8.530573 5.710827 3.670048
-8.530573 5.036976 -3.926996


-8.530573 5.036976 -3.926996
-0.000000 -10.747804 1.301507


-0.000000 -10.747781 1.301733
8.530435 5.710934 3.670186


8.530435 5.710934 3.670186
-8.530435 5.036847 -3.927453


-8.530435 5.036847 -3.927453
-0.000000 -10.747781 1.301733


-0.000000 -10.747769 1.301862
8.530480 5.710965 3.670016


8.530480 5.710965 3.670016
-8.530480 5.036805 -3.927411


-8.530480 5.036805 -3.927411
-0.000000 -10.747769 1.301862


-0.000000 -10.747769 1.301862
8.530435 5.710974 3.670118


8.530435 5.710974 3.670118
-8.530435 5.036796 -3.927513


-8.530435 5.036796 -3.927513
-0.000000 -10.747769 1.301862


-0.000000 -10.747781 1.301718
8.530480 5.710925 3.670069


8.530480 5.710925 3.670069
-8.530480 5.036856 -3.927366


-8.530480 5.036856 -3.927366
-0.000000 -10.747781 1.301718


-0.000000 -10.747781 1.301718
8.530435 5.710934 3.670171


8.530435 5.710934 3.670171
-8.530435 5.036847 -3.927468


-8.530435 5.036847 -3.927468
-0.000000 -10.747781 1.301718


-0.000000 -10.747769 1.301847
8.530480 5.710965 3.670001


8.530480 5.710965 3.670001
-8.530480 5.036805 -3.927426


-8.530480 5.036805 -3.927426
-0.000000 -10.747769 1.301847


-0.000000 -10.747769 1.301847
8.530435 5.710974 3.670102


8.530435 5.710974 3.670102
-8.530435 5.036796 -3.927528


-8.530435 5.036796 -3.927528
-0.000000 -10.747769 1.301847


-0.000000 -10.747781 1.301718
8.530527 5.710916 3.669967


8.530527 5.710916 3.669967
-8.530527 5.036865 -3.927264


-8.530527 5.036865 -3.927264
-0.000000 -10.747781 1.301718


-0.000000 -10.747792 1.301589
8.530480 5.710885 3.670137


8.530480 5.710885 3.670137
-8.530480 5.036907 -3.927306


-8.530480 5.036907 -3.927306
-0.000000 -10.747792 1.301589


-0.000000 -10.747792 1.301589
8.530527 5.710876 3.670036


8.530527 5.710876 3.670036
-8.530527 5.036916 -3.927204


-8.530527 5.036916 -3.927204
-0.000000 -10.747792 1.301589


-0.000000 -10.747781 1.301733
8.530480 5.710925 3.670084


8.530480 5.710925 3.670084
-8.530480 5.036856 -3.927351


-8.530480 5.036856 -3.927351
-0.000000 -10.747781 1.301733


-0.000000 -10.747781 1.301733
8.530527 5.710916 3.669983


8.530527 5.710916 3.669983
-8.530527 5.036865 -3.927249


-8.530527 5.036865 -3.927249
-0.000000 -10.747781 1.301733


-0.000000 -10.747792 1.301605
8.530480 5.710885 3.670153


8.530480 5.710885 3.670153
-8.530480 5.036907 -3.927290


-8.530480 5.036907 -3.927290
-0.000000 -10.747792 1.301605


-0.000000 -10.747792 1.301605
8.530527 5.710876 3.670051


8.530527 5.710876 3.670051
-8.530527 5.036916 -3.927189


-8.530527 5.036916 -3.927189
-0.000000 -10.747792 1.301605


-0.000000 -10.747781 1.301718
8.530458 5.710929 3.670119


8.530458 5.710929 3.670119
-8.530458 5.036851 -3.927416


-8.530458 5.036851 -3.927416
-0.000000 -10.747781 1.301718


-0.000000 -10.747775 1.301781
8.530480 5.710944 3.670035


8.530480 5.710944 3.670035
-8.530480 5.036831 -3.927396


-8.530480 5.036831 -3.927396
-0.000000 -10.747775 1.301781


-0.000000 -10.747775 1.301781
8.530458 5.710948 3.670085


8.530458 5.710948 3.670085
-8.530458 5.036826 -3.927445


-8.530458 5.036826 -3.927445
-0.000000 -10.747775 1.301781


-0.000000 -10.747781 1.301710
8.530480 5.710925 3.670061


8.530480 5.710925 3.670061
-8.530480 5.036856 -3.927374


-8.530480 5.036856 -3.927374
-0.000000 -10.747781 1.301710


-0.000000 -10.747781 1.301710
8.530458 5.710929 3.670111


8.530458 5.710929 3.670111
-8.530458 5.036851 -3.927424


-8.530458 5.036851 -3.927424
-0.000000 -10.747781 1.301710


-0.000000 -10.747775 1.301773
8.530480 5.710944 3.670028


8.530480 5.710944 3.670028
-8.530480 5.036831 -3.927403


-8.530480 5.036831 -3.927403
-0.000000 -10.747775 1.301773


-0.000000 -10.747775 1.301773
8.530458 5.710948 3.670078


8.530458 5.710948 3.670078
-8.530458 5.036826 -3.927453


-8.530458 5.036826 -3.927453
-0.000000 -10.747775 1.301773


-0.000000 -10.747781 1.301710
8.530503 5.710920 3.670012


8.530503 5.710920 3.670012
-8.530503 5.036860 -3.927324


-8.530503 5.036860 -3.927324
-0.000000 -10.747781 1.301710


-0.000000 -10.747786 1.301647
8.530480 5.710905 3.670095


8.530480 5.710905 3.670095
-8.530480 5.036880 -3.927344


-8.530480 5.036880 -3.927344
-0.000000 -10.747786 1.301647


-0.000000 -10.747786 1.301647
8.530503 5.710901 3.670045


8.530503 5.710901 3.670045
-8.530503 5.036885 -3.927295


-8.530503 5.036885 -3.927295
-0.000000 -10.747786 1.301647


-0.000000 -10.747781 1.301718
8.530480 5.710925 3.670069


8.530480 5.710925 3.670069
-8.530480 5.036856 -3.927366


-8.530480 5.036856 -3.927366
-0.000000 -10.747781 1.301718


-0.000000 -10.747781 1.301718
8.530503 5.710920 3.670019


8.530503 5.710920 3.670019
-8.530503 5.036860 -3.927317


-8.530503 5.036860 -3.927317
-0.000000 -10.747781 1.301718


-0.000000 -10.747786 1.301655
8.530480 5.710905 3.670102


8.530480 5.710905 3.670102
-8.530480 5.036880 -3.927337


-8.530480 5.036880 -3.927337
-0.000000 -10.747786 1.301655


-0.000000 -10.747786 1.301655
8.530503 5.710901 3.670053


8.530503 5.710901 3.670053
-8.530503 5.036885 -3.927287


-8.530503 5.036885 -3.927287
-0.000000 -10.747786 1.301655


-0.000000 -10.747781 1.301710
8.530470 5.710927 3.670086


8.530470 5.710927 3.670086
-8.530470 5.036854 -3.927399


-8.530470 5.036854 -3.927399
-0.000000 -10.747781 1.301710


-0.000000 -10.747778 1.301742
8.530480 5.710934 3.670044


8.530480 5.710934 3.670044
-8.530480 5.036843 -3.927389


-8.530480 5.036843 -3.927389
-0.000000 -10.747778 1.301742


-0.000000 -10.747778 1.301742
8.530470 5.710937 3.670069


8.530470 5.710937 3.670069
-8.530470 5.036841 -3.927413


-8.530470 5.036841 -3.927413
-0.000000 -10.747778 1.301742


-0.000000 -10.747781 1.301706
8.530480 5.710925 3.670058


8.530480 5.710925 3.670058
-8.530480 5.036856 -3.927378


-8.530480 5.036856 -3.927378
-0.000000 -10.747781 1.301706


-0.000000 -10.747781 1.301706
8.530470 5.710927 3.670083


8.530470 5.710927 3.670083
-8.530470 5.036854 -3.927402


-8.530470 5.036854 -3.927402
-0.000000 -10.747781 1.301706


-0.000000 -10.747778 1.301738
8.530480 5.710934 3.670041


8.530480 5.710934 3.670041
-8.530480 5.036843 -3.927392


-8.530480 5.036843 -3.927392
-0.000000 -10.747778 1.301738


-0.000000 -10.747778 1.301738
8.530470 5.710937 3.670066


8.530470 5.710937 3.670066
-8.530470 5.036841 -3.927417


-8.530470 5.036841 -3.927417
-0.000000 -10.747778 1.301738


-0.000000 -10.747781 1.301706
8.530480 5.710925 3.670058


8.530480 5.710925 3.670058
-8.530480 5.036856 -3.927378


-8.530480 5.036856 -3.927378
-0.000000 -10.747781 1.301706


-0.000000 -10.747784 1.301675
8.530470 5.710917 3.670099


8.530470 5.710917 3.670099
-8.530470 5.036866 -3.927388


-8.530470 5.036866 -3.927388
-0.000000 -10.747784 1.301675


-0.000000 -10.747784 1.301675
8.530480 5.710915 3.670074


8.530480 5.710915 3.670074
-8.530480 5.036868 -3.927363


-8.530480 5.036868 -3.927363
-0.000000 -10.747784 1.301675


-0.000000 -10.747781 1.301710
8.530470 5.710927 3.670086


8.530470 5.710927 3.670086
-8.530470 5.036854 -3.927399


-8.530470 5.036854 -3.927399
-0.000000 -10.747781 1.301710


-0.000000 -10.747781 1.301710
8.530480 5.710925 3.670061


8.530480 5.710925 3.670061
-8.530480 5.036856 -3.927374


-8.530480 5.036856 -3.927374
-0.000000 -10.747781 1.301710


-0.000000 -10.747784 1.301679
8.530470 5.710917 3.670103


8.530470 5.710917 3.670103
-8.530470 5.036866 -3.927384


-8.530470 5.036866 -3.927384
-0.000000 -10.747784 1.301679


-0.000000 -10.747784 1.301679
8.530480 5.710915 3.670078


8.530480 5.710915 3.670078
-8.530480 5.036868 -3.927359


-8.530480 5.036868 -3.927359
-0.000000 -10.747784 1.301679


-0.000000 -10.747781 1.301706
8.530463 5.710928 3.670096


8.530463 5.710928 3.670096
-8.530463 5.036852 -3.927416


-8.530463 5.036852 -3.927416
-0.000000 -10.747781 1.301706


-0.000000 -10.747779 1.301724
8.530470 5.710932 3.670073


8.530470 5.710932 3.670073
-8.530470 5.036847 -3.927411


-8.530470 5.036847 -3.927411
-0.000000 -10.747779 1.301724


-0.000000 -10.747779 1.301724
8.530463 5.710933 3.670087


8.530463 5.710933 3.670087
-8.530463 5.036846 -3.927424


-8.530463 5.036846 -3.927424
-0.000000 -10.747779 1.301724


-0.000000 -10.747781 1.301705
8.530470 5.710927 3.670081


8.530470 5.710927 3.670081
-8.530470 5.036854 -3.927404


-8.530470 5.036854 -3.927404
-0.000000 -10.747781 1.301705


